t,S,E,I,R,births,deaths,vaccinated,infections,event,person
0.0,990,0,10,0,0,0,0,0,initial,0
0.036489497446506106,989,1,10,0,0,0,0,1,infection,356
0.06659806882745997,989,1,9,1,0,0,0,1,recovery,994
0.17156480689277404,989,0,10,1,0,0,0,1,infectious,356
0.18660210900815113,988,1,10,1,0,0,0,2,infection,69
0.24947838440757622,987,2,10,1,0,0,0,3,infection,956
0.2706350683194264,987,2,9,2,0,0,0,3,recovery,356
0.3309229703182843,986,3,9,2,0,0,0,4,infection,381
0.44414424166072963,986,2,10,2,0,0,0,4,infectious,381
0.459866634280077,985,3,10,2,0,0,0,5,infection,773
0.7869030466539723,985,2,11,2,0,0,0,5,infectious,956
0.8655019733064053,985,2,10,3,0,0,0,5,recovery,381
0.8824115409814679,984,3,10,3,0,0,0,6,infection,739
0.8880478412762003,984,3,9,4,0,0,0,6,recovery,998
0.9418211461268253,983,4,9,4,0,0,0,7,infection,307
0.9945974366249783,983,3,10,4,0,0,0,7,infectious,739
1.0945402043201453,983,3,9,5,0,0,0,7,recovery,999
1.1811165433384478,983,3,8,6,0,0,0,7,recovery,1000
1.1995446873811602,982,4,8,6,0,0,0,8,infection,693
1.314388351449603,981,5,8,6,0,0,0,9,infection,313
1.363362972785886,981,5,7,7,0,0,0,9,recovery,991
1.4180057259004448,981,5,6,8,0,0,0,9,recovery,993
1.4536706576794278,981,5,5,9,0,0,0,9,recovery,995
1.5835636943264713,980,6,5,9,0,0,0,10,infection,845
1.6190058982694184,980,5,6,9,0,0,0,10,infectious,69
1.7633037479873381,980,4,7,9,0,0,0,10,infectious,313
1.9782143258324147,979,5,7,9,0,0,0,11,infection,717
2.202631667491261,978,6,7,9,0,0,0,12,infection,975
2.3415812200336643,978,6,6,10,0,0,0,12,recovery,996
2.429974565147043,978,6,5,11,0,0,0,12,recovery,739
2.4387103977392313,977,7,5,11,0,0,0,13,infection,464
2.4477160936088835,977,6,6,11,0,0,0,13,infectious,975
2.7659827949852014,977,6,5,12,0,0,0,13,recovery,313
3.0751288885152115,977,5,6,12,0,0,0,13,infectious,464
3.201513202774517,977,5,5,13,0,0,0,13,recovery,992
3.2428660589619396,976,6,5,13,0,0,0,14,infection,565
3.3406818392684934,976,5,6,13,0,0,0,14,infectious,307
3.438003374556023,976,4,7,13,0,0,0,14,infectious,565
3.5467990743861235,975,5,7,13,0,0,0,15,infection,168
3.559512437495729,975,4,8,13,0,0,0,15,infectious,845
3.919607753880399,975,4,7,14,0,0,0,15,recovery,956
4.045174094606583,975,3,8,14,0,0,0,15,infectious,717
4.0684240383117265,974,4,8,14,0,0,0,16,infection,898
4.156618313652013,973,5,8,14,0,0,0,17,infection,37
4.529087430560064,973,5,7,15,0,0,0,17,recovery,464
4.559490039900629,972,6,7,15,0,0,0,18,infection,279
4.5901927975367345,972,5,8,15,0,0,0,18,infectious,279
4.650181980292263,971,6,8,15,0,0,0,19,infection,191
4.686925368754958,971,5,9,15,0,0,0,19,infectious,37
4.775940798356911,970,6,9,15,0,0,0,20,infection,1
4.787222070760325,969,7,9,15,0,0,0,21,infection,892
5.154961220863231,969,6,10,15,0,0,0,21,infectious,898
5.243129121732811,969,6,9,16,0,0,0,21,recovery,307
5.2940337348626425,969,6,8,17,0,0,0,21,recovery,975
5.456806581277187,969,5,9,17,0,0,0,21,infectious,1
5.613122863113297,968,6,9,17,0,0,0,22,infection,776
5.642802780149967,968,5,10,17,0,0,0,22,infectious,191
5.8278518317701495,967,6,10,17,0,0,0,23,infection,25
6.109367601259224,966,7,10,17,0,0,0,24,infection,501
6.110740116688102,965,8,10,17,0,0,0,25,infection,931
6.138039435250599,965,8,9,18,0,0,0,25,recovery,565
6.239917712747054,965,8,8,19,0,0,0,25,recovery,717
6.575966570881209,965,7,9,19,0,0,0,25,infectious,931
6.62345054021896,965,7,8,20,0,0,0,25,recovery,279
6.641535291727006,965,6,9,20,0,0,0,25,infectious,168
6.684509046869271,965,6,8,21,0,0,0,25,recovery,37
6.727641958392431,965,5,9,21,0,0,0,25,infectious,693
6.803858754294264,965,4,10,21,0,0,0,25,infectious,892
7.2151050014307465,965,3,11,21,0,0,0,25,infectious,25
7.498826139630956,964,4,11,21,0,0,0,26,infection,948
7.688952727495196,964,3,12,21,0,0,0,26,infectious,948
7.847927276942597,964,2,13,21,0,0,0,26,infectious,776
7.866937423569413,964,2,12,22,0,0,0,26,recovery,845
7.933793780637224,963,3,12,22,0,0,0,27,infection,848
7.954028149806662,962,4,12,22,0,0,0,28,infection,188
8.059729643537683,962,4,11,23,0,0,0,28,recovery,931
8.07730166201281,961,5,11,23,0,0,0,29,infection,783
8.140256289010948,960,6,11,23,0,0,0,30,infection,921
8.184140729355125,960,6,10,24,0,0,0,30,recovery,693
8.403786571607576,960,5,11,24,0,0,0,30,infectious,783
8.48629373082213,960,5,10,25,0,0,0,30,recovery,69
8.495943973420683,959,6,10,25,0,0,0,31,infection,843
8.661863081977815,958,7,10,25,0,0,0,32,infection,100
8.703066593561873,957,8,10,25,0,0,0,33,infection,969
8.779505973144861,957,7,11,25,0,0,0,33,infectious,848
8.893482131630217,957,6,12,25,0,0,0,33,infectious,188
9.157675626359353,957,5,13,25,0,0,0,33,infectious,921
9.234157511875443,957,5,12,26,0,0,0,33,recovery,892
9.245623134987255,956,6,12,26,0,0,0,34,infection,925
9.260705198424455,955,7,12,26,0,0,0,35,infection,56
9.265196040517353,955,7,11,27,0,0,0,35,recovery,188
9.300278697198948,955,7,10,28,0,0,0,35,recovery,921
9.304599247580578,954,8,10,28,0,0,0,36,infection,404
9.387556498134568,953,9,10,28,0,0,0,37,infection,227
9.556576114481626,952,10,10,28,0,0,0,38,infection,623
9.614692909361002,952,9,11,28,0,0,0,38,infectious,843
9.819571457736243,951,10,11,28,0,0,0,39,infection,375
9.86540580522846,951,9,12,28,0,0,0,39,infectious,969
9.879787112197569,950,10,12,28,0,0,0,40,infection,801
9.937572324331677,949,11,12,28,0,0,0,41,infection,667
10.019884128613125,949,11,11,29,0,0,0,41,recovery,997
10.020983729552203,949,11,10,30,0,0,0,41,recovery,783
10.427098720771966,948,12,10,30,0,0,0,42,infection,352
10.508202577826701,947,13,10,30,0,0,0,43,infection,40
10.509376096163287,946,14,10,30,0,0,0,44,infection,116
10.534624163784557,946,14,9,31,0,0,0,44,recovery,843
10.607421100863982,946,13,10,31,0,0,0,44,infectious,925
10.664927731732407,946,12,11,31,0,0,0,44,infectious,375
10.81080801430052,945,13,11,31,0,0,0,45,infection,866
10.892548385804341,945,12,12,31,0,0,0,45,infectious,623
11.07663383892586,945,11,13,31,0,0,0,45,infectious,866
11.378722515533914,944,12,13,31,0,0,0,46,infection,223
11.396517292608987,944,12,12,32,0,0,0,46,recovery,168
11.419946703964138,944,11,13,32,0,0,0,46,infectious,223
11.473250004327301,944,10,14,32,0,0,0,46,infectious,773
11.502903756266287,944,10,13,33,0,0,0,46,recovery,191
11.506190365426704,944,10,12,34,0,0,0,46,recovery,925
11.54099647563207,943,11,12,34,0,0,0,47,infection,86
11.54888111464092,943,10,13,34,0,0,0,47,infectious,801
11.555980213416916,943,10,12,35,0,0,0,47,recovery,848
11.678651550837372,943,10,11,36,0,0,0,47,recovery,898
11.843410051081836,943,10,10,37,0,0,0,47,recovery,375
11.846261924638206,942,11,10,37,0,0,0,48,infection,626
12.111016651411136,941,12,10,37,0,0,0,49,infection,494
12.111916805853184,941,11,11,37,0,0,0,49,infectious,501
12.282610433330339,941,10,12,37,0,0,0,49,infectious,404
12.421941048793864,940,11,12,37,0,0,0,50,infection,846
12.447327593851224,939,12,12,37,0,0,0,51,infection,344
12.452436300458668,938,13,12,37,0,0,0,52,infection,723
12.455568430623055,938,12,13,37,0,0,0,52,infectious,723
12.485086669669666,938,11,14,37,0,0,0,52,infectious,40
12.539723556543137,937,12,14,37,0,0,0,53,infection,24
12.560751530246035,937,11,15,37,0,0,0,53,infectious,227
12.573909268511393,937,11,14,38,0,0,0,53,recovery,227
12.601212979165814,937,11,13,39,0,0,0,53,recovery,969
12.620208026615861,936,12,13,39,0,0,0,54,infection,481
12.626091803926137,936,12,12,40,0,0,0,54,recovery,723
12.922752181909496,936,11,13,40,0,0,0,54,infectious,494
12.93057358349072,935,12,13,40,0,0,0,55,infection,460
12.947130442520274,935,12,12,41,0,0,0,55,recovery,1
13.023363055964317,935,11,13,41,0,0,0,55,infectious,86
13.063952501548371,934,12,13,41,0,0,0,56,infection,707
13.085670395511904,933,13,13,41,0,0,0,57,infection,913
13.207052159222831,933,12,14,41,0,0,0,57,infectious,846
13.279070285467718,933,11,15,41,0,0,0,57,infectious,667
13.30926778087314,932,12,15,41,0,0,0,58,infection,471
13.385797529971626,932,11,16,41,0,0,0,58,infectious,116
13.398054402796074,931,12,16,41,0,0,0,59,infection,486
13.414555082711773,930,13,16,41,0,0,0,60,infection,342
13.452193006947352,930,13,15,42,0,0,0,60,recovery,404
13.542489055807248,929,14,15,42,0,0,0,61,infection,816
13.55074017989975,929,13,16,42,0,0,0,61,infectious,913
13.596820002073521,929,12,17,42,0,0,0,61,infectious,56
13.638926572990334,928,13,17,42,0,0,0,62,infection,84
13.731380852600656,927,14,17,42,0,0,0,63,infection,120
13.876941146244949,927,14,16,43,0,0,0,63,recovery,948
14.038007328008016,927,14,15,44,0,0,0,63,recovery,501
14.092149793513581,927,13,16,44,0,0,0,63,infectious,460
14.102826861826017,926,14,16,44,0,0,0,64,infection,559
14.107344158099249,925,15,16,44,0,0,0,65,infection,357
14.173500106269225,925,14,17,44,0,0,0,65,infectious,120
14.271691713492421,925,13,18,44,0,0,0,65,infectious,352
14.378458742332898,924,14,18,44,0,0,0,66,infection,523
14.454332003405064,924,13,19,44,0,0,0,66,infectious,707
14.503648323657476,923,14,19,44,0,0,0,67,infection,805
14.644980355790256,923,13,20,44,0,0,0,67,infectious,100
14.688001746321738,923,13,19,45,0,0,0,67,recovery,846
14.706824896728342,922,14,19,45,0,0,0,68,infection,291
14.859716138634045,921,15,19,45,0,0,0,69,infection,934
14.937390214379342,921,14,20,45,0,0,0,69,infectious,344
14.969600049649323,921,14,19,46,0,0,0,69,recovery,116
14.990559670582858,921,14,18,47,0,0,0,69,recovery,40
14.993115018083515,921,13,19,47,0,0,0,69,infectious,805
15.032546840319572,921,12,20,47,0,0,0,69,infectious,934
15.0671932208313,920,13,20,47,0,0,0,70,infection,470
15.306905534547766,920,12,21,47,0,0,0,70,infectious,816
15.36817950510912,920,12,20,48,0,0,0,70,recovery,934
15.570835155499479,919,13,20,48,0,0,0,71,infection,764
15.600426082172566,919,12,21,48,0,0,0,71,infectious,481
15.6457198071558,918,13,21,48,0,0,0,72,infection,560
15.666640316045287,918,12,22,48,0,0,0,72,infectious,471
15.672735445250932,918,11,23,48,0,0,0,72,infectious,470
15.695204004362166,918,10,24,48,0,0,0,72,infectious,560
15.733032115095881,917,11,24,48,0,0,0,73,infection,157
15.774741567536145,917,11,23,49,0,0,0,73,recovery,481
15.787537721983757,917,11,22,50,0,0,0,73,recovery,707
15.78899423836587,917,11,21,51,0,0,0,73,recovery,623
15.855282606255042,916,12,21,51,0,0,0,74,infection,939
15.89252863183538,915,13,21,51,0,0,0,75,infection,692
15.940011389178535,914,14,21,51,0,0,0,76,infection,118
15.949938344708226,914,14,20,52,0,0,0,76,recovery,100
15.95108232206868,914,13,21,52,0,0,0,76,infectious,342
15.963467740644155,913,14,21,52,0,0,0,77,infection,63
15.97455003183213,913,13,22,52,0,0,0,77,infectious,24
15.985200539299978,913,13,21,53,0,0,0,77,recovery,805
15.998881378849136,912,14,21,53,0,0,0,78,infection,540
16.011269178707735,912,14,20,54,0,0,0,78,recovery,801
16.040577831792824,912,13,21,54,0,0,0,78,infectious,157
16.040743998884725,912,13,20,55,0,0,0,78,recovery,560
16.080825804878756,911,14,20,55,0,0,0,79,infection,727
16.13601098387787,911,13,21,55,0,0,0,79,infectious,939
16.181077443735894,910,14,21,55,0,0,0,80,infection,299
16.367659286205953,910,13,22,55,0,0,0,80,infectious,626
16.37473081782649,909,14,22,55,0,0,0,81,infection,500
16.41045414475359,909,13,23,55,0,0,0,81,infectious,540
16.447227253379328,908,14,23,55,0,0,0,82,infection,405
16.466822931042522,908,14,22,56,0,0,0,82,recovery,24
16.493913154373065,907,15,22,56,0,0,0,83,infection,730
16.511716306633225,907,14,23,56,0,0,0,83,infectious,84
16.52486117704407,906,15,23,56,0,0,0,84,infection,402
16.557954460710857,906,15,22,57,0,0,0,84,recovery,460
16.582937725986927,906,14,23,57,0,0,0,84,infectious,692
16.624675058121866,905,15,23,57,0,0,0,85,infection,534
16.64491292208176,905,14,24,57,0,0,0,85,infectious,500
16.762228445234197,904,15,24,57,0,0,0,86,infection,694
16.766925221866362,903,16,24,57,0,0,0,87,infection,271
16.78179205099795,902,17,24,57,0,0,0,88,infection,629
16.783338392933643,901,18,24,57,0,0,0,89,infection,364
16.802733830722584,901,17,25,57,0,0,0,89,infectious,402
16.828854325345702,901,17,24,58,0,0,0,89,recovery,471
16.859478955901785,900,18,24,58,0,0,0,90,infection,591
16.869860347194212,900,18,23,59,0,0,0,90,recovery,352
16.92051547326687,899,19,23,59,0,0,0,91,infection,15
16.95242628438707,899,18,24,59,0,0,0,91,infectious,694
17.01809087746423,898,19,24,59,0,0,0,92,infection,811
17.063094248788374,898,19,23,60,0,0,0,92,recovery,84
17.106926015435754,897,20,23,60,0,0,0,93,infection,222
17.187511199925343,897,19,24,60,0,0,0,93,infectious,405
17.200854837431027,897,19,23,61,0,0,0,93,recovery,913
17.216118231970214,896,20,23,61,0,0,0,94,infection,522
17.245396349716742,896,19,24,61,0,0,0,94,infectious,291
17.247281806365994,896,18,25,61,0,0,0,94,infectious,357
17.320082195717337,895,19,25,61,0,0,0,95,infection,696
17.342742973086683,895,18,26,61,0,0,0,95,infectious,730
17.35956406509999,895,17,27,61,0,0,0,95,infectious,727
17.36507823180991,894,18,27,61,0,0,0,96,infection,209
17.40465672071451,893,19,27,61,0,0,0,97,infection,441
17.441664730905906,892,20,27,61,0,0,0,98,infection,139
17.445685785753547,891,21,27,61,0,0,0,99,infection,672
17.44723410459256,891,21,26,62,0,0,0,99,recovery,405
17.49650667849099,891,20,27,62,0,0,0,99,infectious,591
17.608028520837998,891,20,26,63,0,0,0,99,recovery,866
17.671278539122014,890,21,26,63,0,0,0,100,infection,711
17.67971551930474,890,20,27,63,0,0,0,100,infectious,534
17.810469576494004,890,19,28,63,0,0,0,100,infectious,63
17.8124070001046,890,19,27,64,0,0,0,100,recovery,120
17.821530066440328,889,20,27,64,0,0,0,101,infection,687
17.896308952957728,889,19,28,64,0,0,0,101,infectious,441
17.90401163903741,888,20,28,64,0,0,0,102,infection,965
17.930600734443857,888,19,29,64,0,0,0,102,infectious,209
18.0677136989412,887,20,29,64,0,0,0,103,infection,422
18.100218910819017,886,21,29,64,0,0,0,104,infection,427
18.10199801659056,885,22,29,64,0,0,0,105,infection,968
18.15576031459359,885,21,30,64,0,0,0,105,infectious,523
18.15652723802278,884,22,30,64,0,0,0,106,infection,890
18.192099529015316,883,23,30,64,0,0,0,107,infection,887
18.194001455899848,882,24,30,64,0,0,0,108,infection,839
18.233625172541544,882,23,31,64,0,0,0,108,infectious,696
18.298757619438106,882,22,32,64,0,0,0,108,infectious,422
18.310739636632064,882,22,31,65,0,0,0,108,recovery,291
18.316156993320625,882,22,30,66,0,0,0,108,recovery,56
18.32753711653465,882,21,31,66,0,0,0,108,infectious,764
18.333857323433744,882,21,30,67,0,0,0,108,recovery,441
18.349742501886617,881,22,30,67,0,0,0,109,infection,302
18.351584282710306,881,22,29,68,0,0,0,109,recovery,764
18.382033818502325,881,22,28,69,0,0,0,109,recovery,223
18.41454333268805,880,23,28,69,0,0,0,110,infection,861
18.44286082551438,880,23,27,70,0,0,0,110,recovery,939
18.473566326178894,880,22,28,70,0,0,0,110,infectious,299
18.478507743895275,879,23,28,70,0,0,0,111,infection,108
18.49514103376664,879,22,29,70,0,0,0,111,infectious,522
18.49886714229535,878,23,29,70,0,0,0,112,infection,612
18.571073411606925,877,24,29,70,0,0,0,113,infection,141
18.584765369624478,876,25,29,70,0,0,0,114,infection,231
18.599252514565865,875,26,29,70,0,0,0,115,infection,593
18.65985581708712,875,26,28,71,0,0,0,115,recovery,344
18.67705161797965,875,26,27,72,0,0,0,115,recovery,523
18.683462093827238,874,27,27,72,0,0,0,116,infection,305
18.69014205306023,874,26,28,72,0,0,0,116,infectious,271
18.721009293237838,874,25,29,72,0,0,0,116,infectious,887
18.752363019252073,874,24,30,72,0,0,0,116,infectious,486
18.807343701098013,873,25,30,72,0,0,0,117,infection,553
18.861016805707578,872,26,30,72,0,0,0,118,infection,281
18.891009191037586,872,25,31,72,0,0,0,118,infectious,305
18.920916192128875,871,26,31,72,0,0,0,119,infection,962
18.92369530517588,871,25,32,72,0,0,0,119,infectious,281
18.92828135921442,871,25,31,73,0,0,0,119,recovery,422
18.94029529557441,871,24,32,73,0,0,0,119,infectious,629
18.948407374029593,871,24,31,74,0,0,0,119,recovery,730
18.95528644538852,870,25,31,74,0,0,0,120,infection,754
18.981440806771655,869,26,31,74,0,0,0,121,infection,838
19.004971954254536,869,25,32,74,0,0,0,121,infectious,962
19.039331446624825,869,24,33,74,0,0,0,121,infectious,141
19.044500480327237,869,23,34,74,0,0,0,121,infectious,811
19.07983595059941,868,24,34,74,0,0,0,122,infection,298
19.08001494279599,868,23,35,74,0,0,0,122,infectious,222
19.095938832168265,867,24,35,74,0,0,0,123,infection,513
19.132912028301174,867,24,34,75,0,0,0,123,recovery,667
19.145487629197692,866,25,34,75,0,0,0,124,infection,225
19.16002756766499,866,25,33,76,0,0,0,124,recovery,141
19.2244116108522,866,25,32,77,0,0,0,124,recovery,486
19.24181441402368,865,26,32,77,0,0,0,125,infection,173
19.246644774609617,865,25,33,77,0,0,0,125,infectious,513
19.269039719941183,865,25,32,78,0,0,0,125,recovery,540
19.457635663307038,865,25,31,79,0,0,0,125,recovery,222
19.48985009546156,865,24,32,79,0,0,0,125,infectious,225
19.50170228742071,865,23,33,79,0,0,0,125,infectious,593
19.513960685054975,865,22,34,79,0,0,0,125,infectious,559
19.55202100024922,865,21,35,79,0,0,0,125,infectious,754
19.585450220342082,864,22,35,79,0,0,0,126,infection,426
19.601002436759746,863,23,35,79,0,0,0,127,infection,588
19.630328499880804,863,23,34,80,0,0,0,127,recovery,500
19.727224758133477,862,24,34,80,0,0,0,128,infection,918
19.73302233514641,861,25,34,80,0,0,0,129,infection,98
19.738227946727452,861,25,33,81,0,0,0,129,recovery,299
19.743164144938962,860,26,33,81,0,0,0,130,infection,492
19.963658214348325,859,27,33,81,0,0,0,131,infection,792
20.136037004218316,858,28,33,81,0,0,0,132,infection,645
20.152374323464045,858,28,32,82,0,0,0,132,recovery,692
20.158119790749566,858,28,31,83,0,0,0,132,recovery,86
20.160602231782757,858,27,32,83,0,0,0,132,infectious,965
20.183938593462546,858,27,31,84,0,0,0,132,recovery,694
20.199133439576034,857,28,31,84,0,0,0,133,infection,397
20.199663278425675,857,27,32,84,0,0,0,133,infectious,492
20.29887674443872,856,28,32,84,0,0,0,134,infection,715
20.30904478786886,856,28,31,85,0,0,0,134,recovery,271
20.333933443391434,855,29,31,85,0,0,0,135,infection,655
20.33720003472166,855,28,32,85,0,0,0,135,infectious,139
20.349372370353933,854,29,32,85,0,0,0,136,infection,847
20.35433339078409,853,30,32,85,0,0,0,137,infection,681
20.441239002326576,853,29,33,85,0,0,0,137,infectious,687
20.478718929040443,853,28,34,85,0,0,0,137,infectious,655
20.48044219702195,852,29,34,85,0,0,0,138,infection,608
20.509736804551576,852,28,35,85,0,0,0,138,infectious,672
20.574852287914133,852,27,36,85,0,0,0,138,infectious,861
20.59672779129596,851,28,36,85,0,0,0,139,infection,888
20.647485570311105,850,29,36,85,0,0,0,140,infection,54
20.654411541387805,849,30,36,85,0,0,0,141,infection,126
20.6802817011416,849,30,35,86,0,0,0,141,recovery,591
20.743415844460042,849,29,36,86,0,0,0,141,infectious,890
20.748682894909376,848,30,36,86,0,0,0,142,infection,452
20.749147837036723,848,29,37,86,0,0,0,142,infectious,173
20.750149625662022,848,29,36,87,0,0,0,142,recovery,492
20.763515738238755,847,30,36,87,0,0,0,143,infection,447
20.813900027154933,847,29,37,87,0,0,0,143,infectious,302
20.81928129010024,847,28,38,87,0,0,0,143,infectious,838
20.874673960711142,847,27,39,87,0,0,0,143,infectious,612
20.891381962055007,846,28,39,87,0,0,0,144,infection,392
20.896394935284395,846,28,38,88,0,0,0,144,recovery,727
20.925962964469548,846,27,39,88,0,0,0,144,infectious,426
20.97964613088163,846,26,40,88,0,0,0,144,infectious,98
21.066405189835887,846,26,39,89,0,0,0,144,recovery,173
21.09874659358433,846,25,40,89,0,0,0,144,infectious,392
21.162132922560588,846,24,41,89,0,0,0,144,infectious,15
21.274092477183594,846,24,40,90,0,0,0,144,recovery,392
21.287044854377772,846,24,39,91,0,0,0,144,recovery,696
21.292943496202287,845,25,39,91,0,0,0,145,infection,145
21.345093313991445,844,26,39,91,0,0,0,146,infection,669
21.34550861044528,844,25,40,91,0,0,0,146,infectious,968
21.365718654236755,844,24,41,91,0,0,0,146,infectious,231
21.374697794645513,844,24,40,92,0,0,0,146,recovery,861
21.482085436066686,844,24,39,93,0,0,0,146,recovery,522
21.499636096155303,844,23,40,93,0,0,0,146,infectious,298
21.511085269704214,843,24,40,93,0,0,0,147,infection,505
21.589849636127322,843,24,39,94,0,0,0,147,recovery,890
21.618332204152676,842,25,39,94,0,0,0,148,infection,394
21.6274635687341,842,24,40,94,0,0,0,148,infectious,447
21.63860196543584,841,25,40,94,0,0,0,149,infection,936
21.640660246286938,841,24,41,94,0,0,0,149,infectious,505
21.696272761004188,841,24,40,95,0,0,0,149,recovery,302
21.69729859762111,840,25,40,95,0,0,0,150,infection,49
21.709515977109348,839,26,40,95,0,0,0,151,infection,728
21.737991696449043,839,25,41,95,0,0,0,151,infectious,553
21.787154378172648,839,24,42,95,0,0,0,151,infectious,728
21.855262623058273,838,25,42,95,0,0,0,152,infection,658
21.873862171382044,837,26,42,95,0,0,0,153,infection,181
21.89239393710828,837,25,43,95,0,0,0,153,infectious,936
21.908227425120153,837,24,44,95,0,0,0,153,infectious,918
21.918713208816758,837,23,45,95,0,0,0,153,infectious,49
21.941247478678342,836,24,45,95,0,0,0,154,infection,59
21.943779887653676,835,25,45,95,0,0,0,155,infection,584
22.003904630204563,835,24,46,95,0,0,0,155,infectious,715
22.036163084793014,834,25,46,95,0,0,0,156,infection,950
22.08296188878553,834,25,45,96,0,0,0,156,recovery,281
22.10396231388777,834,24,46,96,0,0,0,156,infectious,59
22.125480655874426,834,23,47,96,0,0,0,156,infectious,452
22.14513972936543,834,23,46,97,0,0,0,156,recovery,231
22.15162305812715,833,24,46,97,0,0,0,157,infection,695
22.16743486226703,833,24,45,98,0,0,0,157,recovery,965
22.178933827910424,832,25,45,98,0,0,0,158,infection,537
22.276759646837352,831,26,45,98,0,0,0,159,infection,2
22.285616408115597,831,26,44,99,0,0,0,159,recovery,139
22.300691293158675,830,27,44,99,0,0,0,160,infection,878
22.308489043787624,829,28,44,99,0,0,0,161,infection,33
22.31892563696194,829,28,43,100,0,0,0,161,recovery,49
22.33472840092991,829,27,44,100,0,0,0,161,infectious,888
22.352117297729087,829,26,45,100,0,0,0,161,infectious,681
22.373934503879255,828,27,45,100,0,0,0,162,infection,517
22.45677231882809,828,26,46,100,0,0,0,162,infectious,2
22.459408296988453,827,27,46,100,0,0,0,163,infection,103
22.473692376329893,826,28,46,100,0,0,0,164,infection,983
22.48540705233181,825,29,46,100,0,0,0,165,infection,617
22.522025330757756,824,30,46,100,0,0,0,166,infection,270
22.549645149204416,823,31,46,100,0,0,0,167,infection,378
22.56262934567485,823,31,45,101,0,0,0,167,recovery,447
22.57706821081817,823,31,44,102,0,0,0,167,recovery,209
22.652304745201636,822,32,44,102,0,0,0,168,infection,576
22.65766622111005,822,31,45,102,0,0,0,168,infectious,576
22.66041555257276,822,31,44,103,0,0,0,168,recovery,593
22.689557186144278,822,30,45,103,0,0,0,168,infectious,364
22.694091633103948,821,31,45,103,0,0,0,169,infection,910
22.70335344492438,820,32,45,103,0,0,0,170,infection,945
22.715473992570573,820,31,46,103,0,0,0,170,infectious,588
22.721636051285046,820,30,47,103,0,0,0,170,infectious,878
22.728204598291015,819,31,47,103,0,0,0,171,infection,526
22.74164009073596,818,32,47,103,0,0,0,172,infection,10
22.748457936615868,818,32,46,104,0,0,0,172,recovery,494
22.776249015598356,818,31,47,104,0,0,0,172,infectious,517
22.800403613525802,817,32,47,104,0,0,0,173,infection,355
22.8104123864129,816,33,47,104,0,0,0,174,infection,4
22.826151586390893,816,33,46,105,0,0,0,174,recovery,63
22.88660917436638,815,34,46,105,0,0,0,175,infection,337
23.014711124943346,814,35,46,105,0,0,0,176,infection,670
23.069561528836516,814,34,47,105,0,0,0,176,infectious,397
23.073526940194753,814,33,48,105,0,0,0,176,infectious,126
23.104320168871094,813,34,48,105,0,0,0,177,infection,127
23.104522244795138,813,34,47,106,0,0,0,177,recovery,513
23.136465060409407,813,33,48,106,0,0,0,177,infectious,10
23.179734250666204,812,34,48,106,0,0,0,178,infection,690
23.25626207501662,812,33,49,106,0,0,0,178,infectious,378
23.285062402863257,811,34,49,106,0,0,0,179,infection,989
23.293630507398394,811,34,48,107,0,0,0,179,recovery,962
23.2978484149901,810,35,48,107,0,0,0,180,infection,794
23.312453645815456,810,34,49,107,0,0,0,180,infectious,983
23.325829922196377,810,33,50,107,0,0,0,180,infectious,54
23.346338824154195,810,32,51,107,0,0,0,180,infectious,4
23.367642111175236,810,32,50,108,0,0,0,180,recovery,816
23.416158377819492,810,32,49,109,0,0,0,180,recovery,655
23.430548546654578,810,32,48,110,0,0,0,180,recovery,402
23.4374903808096,810,32,47,111,0,0,0,180,recovery,838
23.440714502909067,810,31,48,111,0,0,0,180,infectious,910
23.44285555843262,809,32,48,111,0,0,0,181,infection,673
23.45959447752331,809,32,47,112,0,0,0,181,recovery,357
23.459825242901797,809,31,48,112,0,0,0,181,infectious,394
23.460825348482096,809,31,47,113,0,0,0,181,recovery,811
23.58064996200377,808,32,47,113,0,0,0,182,infection,407
23.615761263916617,808,32,46,114,0,0,0,182,recovery,452
23.655021701207424,808,31,47,114,0,0,0,182,infectious,950
23.655381370284875,808,30,48,114,0,0,0,182,infectious,989
23.675125313008,807,31,48,114,0,0,0,183,infection,164
23.687387503028276,807,30,49,114,0,0,0,183,infectious,181
23.711535960848526,807,29,50,114,0,0,0,183,infectious,669
23.714226599285126,807,28,51,114,0,0,0,183,infectious,108
23.746603806319126,807,28,50,115,0,0,0,183,recovery,968
23.802605283632307,806,29,50,115,0,0,0,184,infection,855
23.8063384973722,806,28,51,115,0,0,0,184,infectious,337
23.80911675122341,806,28,50,116,0,0,0,184,recovery,612
23.82768084544527,805,29,50,116,0,0,0,185,infection,964
23.854724638050662,805,28,51,116,0,0,0,185,infectious,118
23.869272610233725,805,28,50,117,0,0,0,185,recovery,626
23.874771996199836,805,27,51,117,0,0,0,185,infectious,839
23.888426056033488,804,28,51,117,0,0,0,186,infection,632
23.916133104602054,804,28,50,118,0,0,0,186,recovery,225
23.925217673912684,803,29,50,118,0,0,0,187,infection,150
23.980579797653693,803,29,49,119,0,0,0,187,recovery,378
23.981987751597963,803,29,48,120,0,0,0,187,recovery,364
23.991010590430133,802,30,48,120,0,0,0,188,infection,555
24.00976008422708,801,31,48,120,0,0,0,189,infection,274
24.012390761243687,800,32,48,120,0,0,0,190,infection,152
24.015739541249214,800,32,47,121,0,0,0,190,recovery,629
24.025876371952876,800,32,46,122,0,0,0,190,recovery,298
24.064843994052612,800,31,47,122,0,0,0,190,infectious,711
24.074825809113904,799,32,47,122,0,0,0,191,infection,71
24.07485995132417,798,33,47,122,0,0,0,192,infection,594
24.09434962856357,797,34,47,122,0,0,0,193,infection,77
24.121985277065733,796,35,47,122,0,0,0,194,infection,242
24.162135539979484,796,35,46,123,0,0,0,194,recovery,305
24.194914152359274,796,35,45,124,0,0,0,194,recovery,776
24.21823383250049,796,35,44,125,0,0,0,194,recovery,888
24.24674524496811,795,36,44,125,0,0,0,195,infection,664
24.256788376990087,794,37,44,125,0,0,0,196,infection,50
24.328851740177097,794,37,43,126,0,0,0,196,recovery,950
24.35100178738792,794,36,44,126,0,0,0,196,infectious,242
24.39045579820213,794,36,43,127,0,0,0,196,recovery,553
24.416766865224023,794,36,42,128,0,0,0,196,recovery,59
24.442976431002155,793,37,42,128,0,0,0,197,infection,508
24.465898386510066,793,36,43,128,0,0,0,197,infectious,427
24.469799282264308,792,37,43,128,0,0,0,198,infection,525
24.47031541766641,792,37,42,129,0,0,0,198,recovery,517
24.491008058244425,792,36,43,129,0,0,0,198,infectious,355
24.493069080986917,792,35,44,129,0,0,0,198,infectious,945
24.493855214592763,791,36,44,129,0,0,0,199,infection,155
24.513262409138974,790,37,44,129,0,0,0,200,infection,256
24.51329917511046,790,36,45,129,0,0,0,200,infectious,526
24.54624984685184,790,35,46,129,0,0,0,200,infectious,664
24.61082472405841,789,36,46,129,0,0,0,201,infection,587
24.64530279623383,789,35,47,129,0,0,0,201,infectious,608
24.658739733180113,789,35,46,130,0,0,0,201,recovery,559
24.670986887111145,789,34,47,130,0,0,0,201,infectious,155
24.682134910161356,789,33,48,130,0,0,0,201,infectious,33
24.683467895889827,789,32,49,130,0,0,0,201,infectious,256
24.688160474097746,789,31,50,130,0,0,0,201,infectious,670
24.69057485706761,789,31,49,131,0,0,0,201,recovery,4
24.7112719742975,788,32,49,131,0,0,0,202,infection,234
24.723938303092357,787,33,49,131,0,0,0,203,infection,986
24.73059156299382,786,34,49,131,0,0,0,204,infection,835
24.808429577282844,785,35,49,131,0,0,0,205,infection,107
24.81928607345384,785,34,50,131,0,0,0,205,infectious,234
24.83303480596178,785,34,49,132,0,0,0,205,recovery,15
24.848166812215542,785,33,50,132,0,0,0,205,infectious,986
24.87670685842427,784,34,50,132,0,0,0,206,infection,554
24.88403449170846,783,35,50,132,0,0,0,207,infection,633
24.884681489118154,783,34,51,132,0,0,0,207,infectious,525
24.887707497601117,783,34,50,133,0,0,0,207,recovery,945
24.893281365119606,783,33,51,133,0,0,0,207,infectious,508
24.900108784507893,783,33,50,134,0,0,0,207,recovery,54
24.910835861811535,783,32,51,134,0,0,0,207,infectious,145
24.91514647331133,783,32,50,135,0,0,0,207,recovery,711
24.921402581332362,783,31,51,135,0,0,0,207,infectious,855
24.923055688997795,782,32,51,135,0,0,0,208,infection,3
24.930197375747376,782,31,52,135,0,0,0,208,infectious,645
24.961665283593828,781,32,52,135,0,0,0,209,infection,324
24.99336179164966,780,33,52,135,0,0,0,210,infection,14
25.021448412269386,780,33,51,136,0,0,0,210,recovery,887
25.044155632658597,780,33,50,137,0,0,0,210,recovery,576
25.07522155569788,780,32,51,137,0,0,0,210,infectious,794
25.080931774443073,780,32,50,138,0,0,0,210,recovery,588
25.095750294453776,779,33,50,138,0,0,0,211,infection,596
25.137083301157375,778,34,50,138,0,0,0,212,infection,733
25.204698412281765,778,33,51,138,0,0,0,212,infectious,107
25.224857482162694,777,34,51,138,0,0,0,213,infection,904
25.251378652674926,776,35,51,138,0,0,0,214,infection,963
25.268415649574127,775,36,51,138,0,0,0,215,infection,338
25.273701687055176,774,37,51,138,0,0,0,216,infection,435
25.276103817207765,773,38,51,138,0,0,0,217,infection,162
25.27988538123611,773,37,52,138,0,0,0,217,infectious,270
25.31780136354543,773,36,53,138,0,0,0,217,infectious,584
25.327081444115716,773,35,54,138,0,0,0,217,infectious,77
25.33260046445776,772,36,54,138,0,0,0,218,infection,751
25.386540393074178,772,36,53,139,0,0,0,218,recovery,118
25.41966939823352,771,37,53,139,0,0,0,219,infection,510
25.423138982051594,770,38,53,139,0,0,0,220,infection,488
25.43151382150512,770,38,52,140,0,0,0,220,recovery,670
25.456729321726716,769,39,52,140,0,0,0,221,infection,31
25.461130379265473,769,38,53,140,0,0,0,221,infectious,164
25.466498605180497,769,38,52,141,0,0,0,221,recovery,98
25.477692085295338,768,39,52,141,0,0,0,222,infection,368
25.48666641880467,767,40,52,141,0,0,0,223,infection,840
25.499742019496356,766,41,52,141,0,0,0,224,infection,578
25.504359952695552,766,41,51,142,0,0,0,224,recovery,157
25.593486145441666,765,42,51,142,0,0,0,225,infection,582
25.599461880755523,765,41,52,142,0,0,0,225,infectious,274
25.610705725008348,765,40,53,142,0,0,0,225,infectious,435
25.62142415473431,764,41,53,142,0,0,0,226,infection,599
25.63653408449383,764,40,54,142,0,0,0,226,infectious,537
25.66183602457933,763,41,54,142,0,0,0,227,infection,373
25.703877434338594,763,40,55,142,0,0,0,227,infectious,582
25.70506082444887,762,41,55,142,0,0,0,228,infection,798
25.70596757806398,762,40,56,142,0,0,0,228,infectious,798
25.720719445050367,761,41,56,142,0,0,0,229,infection,465
25.729359723929782,760,42,56,142,0,0,0,230,infection,552
25.751814049501935,760,42,55,143,0,0,0,230,recovery,270
25.7553170015767,760,42,54,144,0,0,0,230,recovery,989
25.76073615964949,760,42,53,145,0,0,0,230,recovery,715
25.764023345907557,759,43,53,145,0,0,0,231,infection,668
25.765726903841458,759,42,54,145,0,0,0,231,infectious,510
25.775690234820058,758,43,54,145,0,0,0,232,infection,532
25.803386136215515,758,42,55,145,0,0,0,232,infectious,554
25.808096279117002,757,43,55,145,0,0,0,233,infection,57
25.819138530403325,757,42,56,145,0,0,0,233,infectious,103
25.875484583858682,756,43,56,145,0,0,0,234,infection,556
25.882712053872407,755,44,56,145,0,0,0,235,infection,142
25.883149463550414,755,43,57,145,0,0,0,235,infectious,71
25.89271612438117,754,44,57,145,0,0,0,236,infection,340
25.905849615719987,753,45,57,145,0,0,0,237,infection,365
25.918010894257126,752,46,57,145,0,0,0,238,infection,233
25.929195285555917,752,46,56,146,0,0,0,238,recovery,435
25.931577131316462,751,47,56,146,0,0,0,239,infection,640
25.934455751492216,751,47,55,147,0,0,0,239,recovery,798
25.95337744278631,751,47,54,148,0,0,0,239,recovery,77
25.96240533881748,750,48,54,148,0,0,0,240,infection,296
25.976474571977104,750,47,55,148,0,0,0,240,infectious,847
25.985089195060915,750,46,56,148,0,0,0,240,infectious,904
26.00727518628302,749,47,56,148,0,0,0,241,infection,445
26.01361207510119,748,48,56,148,0,0,0,242,infection,117
26.020187280377865,747,49,56,148,0,0,0,243,infection,901
26.033134185847754,747,48,57,148,0,0,0,243,infectious,296
26.05872541244886,747,48,56,149,0,0,0,243,recovery,936
26.060249419718698,747,47,57,149,0,0,0,243,infectious,733
26.090077931646217,746,48,57,149,0,0,0,244,infection,319
26.090683302481093,746,47,58,149,0,0,0,244,infectious,340
26.112047522570496,746,47,57,150,0,0,0,244,recovery,355
26.119482067422442,745,48,57,150,0,0,0,245,infection,421
26.128836714924464,745,48,56,151,0,0,0,245,recovery,25
26.138464465822715,745,47,57,151,0,0,0,245,infectious,152
26.142958149209896,745,46,58,151,0,0,0,245,infectious,338
26.1780805042809,744,47,58,151,0,0,0,246,infection,322
26.20562901109852,743,48,58,151,0,0,0,247,infection,708
26.226026344382696,743,48,57,152,0,0,0,247,recovery,342
26.245448185036718,742,49,57,152,0,0,0,248,infection,135
26.249000505472758,741,50,57,152,0,0,0,249,infection,622
26.2818717279995,740,51,57,152,0,0,0,250,infection,8
26.29081277814391,740,50,58,152,0,0,0,250,infectious,633
26.306619951851406,739,51,58,152,0,0,0,251,infection,665
26.32405966388072,738,52,58,152,0,0,0,252,infection,571
26.33529994569237,738,51,59,152,0,0,0,252,infectious,594
26.336051479209825,737,52,59,152,0,0,0,253,infection,841
26.336139863433512,736,53,59,152,0,0,0,254,infection,750
26.378426466188948,736,52,60,152,0,0,0,254,infectious,840
26.42179887045617,735,53,60,152,0,0,0,255,infection,401
26.442282472990247,735,53,59,153,0,0,0,255,recovery,71
26.45568408061097,735,53,58,154,0,0,0,255,recovery,470
26.46096373537106,734,54,58,154,0,0,0,256,infection,719
26.489857192842468,733,55,58,154,0,0,0,257,infection,949
26.521699106433616,732,56,58,154,0,0,0,258,infection,170
26.529036790936956,732,56,57,155,0,0,0,258,recovery,274
26.536142197735717,731,57,57,155,0,0,0,259,infection,19
26.5376474302816,731,56,58,155,0,0,0,259,infectious,368
26.546341697825724,731,55,59,155,0,0,0,259,infectious,622
26.568597511656776,731,54,60,155,0,0,0,259,infectious,142
26.569541417390617,731,53,61,155,0,0,0,259,infectious,407
26.578949917098473,730,54,61,155,0,0,0,260,infection,862
26.583904577978313,730,54,60,156,0,0,0,260,recovery,594
26.591259978220062,729,55,60,156,0,0,0,261,infection,199
26.59872433305857,728,56,60,156,0,0,0,262,infection,423
26.599239013188235,727,57,60,156,0,0,0,263,infection,566
26.646621835077333,726,58,60,156,0,0,0,264,infection,635
26.653353263916,726,57,61,156,0,0,0,264,infectious,8
26.655937866451094,726,56,62,156,0,0,0,264,infectious,365
26.656240558981096,726,55,63,156,0,0,0,264,infectious,127
26.657085825802874,726,54,64,156,0,0,0,264,infectious,949
26.66290166329225,726,54,63,157,0,0,0,264,recovery,365
26.695774563010463,726,53,64,157,0,0,0,264,infectious,150
26.704590052414478,726,53,63,158,0,0,0,264,recovery,368
26.715895689691568,726,52,64,158,0,0,0,264,infectious,658
26.71620478525294,726,52,63,159,0,0,0,264,recovery,949
26.731915026412207,726,51,64,159,0,0,0,264,infectious,665
26.79680023530747,725,52,64,159,0,0,0,265,infection,409
26.799279994843037,725,51,65,159,0,0,0,265,infectious,556
26.830820523880266,725,50,66,159,0,0,0,265,infectious,199
26.84749461972385,725,49,67,159,0,0,0,265,infectious,901
26.86073541160214,725,49,66,160,0,0,0,265,recovery,658
26.86464324822289,724,50,66,160,0,0,0,266,infection,531
26.87873816275852,724,50,65,161,0,0,0,266,recovery,107
26.88813612711047,723,51,65,161,0,0,0,267,infection,849
26.895189160242488,723,51,64,162,0,0,0,267,recovery,33
26.922568977774823,722,52,64,162,0,0,0,268,infection,927
26.95400919371292,722,51,65,162,0,0,0,268,infectious,423
26.96700873610161,722,50,66,162,0,0,0,268,infectious,50
26.980107350945822,722,49,67,162,0,0,0,268,infectious,750
26.98486216274934,722,48,68,162,0,0,0,268,infectious,708
26.9857433499698,722,47,69,162,0,0,0,268,infectious,964
27.00220773502016,722,46,70,162,0,0,0,268,infectious,552
27.006855868728834,722,45,71,162,0,0,0,268,infectious,31
27.02895795904417,722,45,70,163,0,0,0,268,recovery,964
27.04677340089199,722,44,71,163,0,0,0,268,infectious,421
27.09483948210886,721,45,71,163,0,0,0,269,infection,6
27.108510532806967,721,45,70,164,0,0,0,269,recovery,901
27.111060346882386,720,46,70,164,0,0,0,270,infection,81
27.135916788732743,720,45,71,164,0,0,0,270,infectious,373
27.138707962782828,720,45,70,165,0,0,0,270,recovery,10
27.19444826261972,719,46,70,165,0,0,0,271,infection,933
27.19600848578718,718,47,70,165,0,0,0,272,infection,749
27.196392907168402,718,46,71,165,0,0,0,272,infectious,635
27.203939061834234,718,45,72,165,0,0,0,272,infectious,401
27.213986056491454,718,45,71,166,0,0,0,272,recovery,505
27.218074520293783,717,46,71,166,0,0,0,273,infection,58
27.23803730515358,717,45,72,166,0,0,0,273,infectious,599
27.2471362915226,717,44,73,166,0,0,0,273,infectious,319
27.25824173592971,717,43,74,166,0,0,0,273,infectious,578
27.26371009740117,716,44,74,166,0,0,0,274,infection,726
27.26443996318484,716,43,75,166,0,0,0,274,infectious,841
27.274862976348658,715,44,75,166,0,0,0,275,infection,166
27.284256509860473,715,43,76,166,0,0,0,275,infectious,409
27.287477653323187,714,44,76,166,0,0,0,276,infection,602
27.300803732648834,714,43,77,166,0,0,0,276,infectious,135
27.311922283553997,713,44,77,166,0,0,0,277,infection,304
27.34277344913822,712,45,77,166,0,0,0,278,infection,785
27.351035598527933,712,45,76,167,0,0,0,278,recovery,669
27.375198533930455,712,45,75,168,0,0,0,278,recovery,681
27.392991482018566,711,46,75,168,0,0,0,279,infection,793
27.399536407715956,710,47,75,168,0,0,0,280,infection,167
27.40153573539541,709,48,75,168,0,0,0,281,infection,374
27.404526252680743,709,47,76,168,0,0,0,281,infectious,555
27.405143579780237,708,48,76,168,0,0,0,282,infection,148
27.421780911067355,708,47,77,168,0,0,0,282,infectious,58
27.42571052168415,708,47,76,169,0,0,0,282,recovery,426
27.43006755318355,708,47,75,170,0,0,0,282,recovery,635
27.436474834327818,708,47,74,171,0,0,0,282,recovery,552
27.448402507531284,708,47,73,172,0,0,0,282,recovery,394
27.466229206246396,708,47,72,173,0,0,0,282,recovery,319
27.466300991692254,707,48,72,173,0,0,0,283,infection,432
27.46828461378937,707,47,73,173,0,0,0,283,infectious,617
27.48820546818045,707,47,72,174,0,0,0,283,recovery,127
27.539553563307173,707,47,71,175,0,0,0,283,recovery,839
27.555626883069497,706,48,71,175,0,0,0,284,infection,831
27.565139675924204,706,47,72,175,0,0,0,284,infectious,465
27.579928905822747,705,48,72,175,0,0,0,285,infection,941
27.584137043320833,704,49,72,175,0,0,0,286,infection,369
27.58544784461803,704,48,73,175,0,0,0,286,infectious,602
27.609650517575364,704,48,72,176,0,0,0,286,recovery,555
27.61260016928566,703,49,72,176,0,0,0,287,infection,709
27.61708204104888,703,49,71,177,0,0,0,287,recovery,534
27.62756455605253,703,49,70,178,0,0,0,287,recovery,986
27.661364292593202,702,50,70,178,0,0,0,288,infection,412
27.665696661275312,702,49,71,178,0,0,0,288,infectious,233
27.7113931165986,701,50,71,178,0,0,0,289,infection,420
27.713097933636742,700,51,71,178,0,0,0,290,infection,138
27.721553014725227,700,50,72,178,0,0,0,290,infectious,673
27.737566030643325,700,50,71,179,0,0,0,290,recovery,733
27.773243700699542,699,51,71,179,0,0,0,291,infection,358
27.77670944130712,698,52,71,179,0,0,0,292,infection,237
27.781788831358696,698,51,72,179,0,0,0,292,infectious,532
27.79530595496618,698,50,73,179,0,0,0,292,infectious,963
27.837487251279132,698,49,74,179,0,0,0,292,infectious,941
27.863902061759863,698,49,73,180,0,0,0,292,recovery,145
27.895129848909388,697,50,73,180,0,0,0,293,infection,548
27.91600791494379,697,49,74,180,0,0,0,293,infectious,81
27.916548987106278,696,50,74,180,0,0,0,294,infection,224
27.918224643744512,696,49,75,180,0,0,0,294,infectious,324
27.94310918200151,695,50,75,180,0,0,0,295,infection,868
27.94605337946756,695,49,76,180,0,0,0,295,infectious,566
27.963127147618447,695,49,75,181,0,0,0,295,recovery,409
27.97799090963956,695,49,74,182,0,0,0,295,recovery,687
27.97867445185859,694,50,74,182,0,0,0,296,infection,201
27.985162702096883,694,50,73,183,0,0,0,296,recovery,754
27.99492530732532,694,50,72,184,0,0,0,296,recovery,256
27.998951065772705,694,49,73,184,0,0,0,296,infectious,420
27.999993373329673,694,49,72,185,0,0,0,296,recovery,401
28.00283232254343,694,48,73,185,0,0,0,296,infectious,358
28.077436777753938,694,47,74,185,0,0,0,296,infectious,862
28.08753130704753,694,46,75,185,0,0,0,296,infectious,751
28.094041078293387,694,46,74,186,0,0,0,296,recovery,508
28.095222155773076,694,45,75,186,0,0,0,296,infectious,148
28.095745707877736,694,44,76,186,0,0,0,296,infectious,831
28.108183572335548,694,44,75,187,0,0,0,296,recovery,584
28.113701577723724,694,44,74,188,0,0,0,296,recovery,427
28.12792651107698,694,43,75,188,0,0,0,296,infectious,668
28.134543870770724,693,44,75,188,0,0,0,297,infection,134
28.15093215471567,693,43,76,188,0,0,0,297,infectious,749
28.153512259336342,693,43,75,189,0,0,0,297,recovery,633
28.166015518948463,693,43,74,190,0,0,0,297,recovery,537
28.176744071820565,692,44,74,190,0,0,0,298,infection,872
28.18454188105709,692,43,75,190,0,0,0,298,infectious,868
28.22174244324721,691,44,75,190,0,0,0,299,infection,239
28.23049040401524,690,45,75,190,0,0,0,300,infection,818
28.240738558402484,689,46,75,190,0,0,0,301,infection,226
28.24966641961549,689,45,76,190,0,0,0,301,infectious,596
28.25022485665877,689,45,75,191,0,0,0,301,recovery,338
28.25044422675135,689,45,74,192,0,0,0,301,recovery,582
28.26780181201699,689,44,75,192,0,0,0,301,infectious,432
28.275157053445326,689,43,76,192,0,0,0,301,infectious,872
28.289095274368233,689,42,77,192,0,0,0,301,infectious,412
28.298893199844628,688,43,77,192,0,0,0,302,infection,74
28.32614628634678,687,44,77,192,0,0,0,303,infection,760
28.32703045318008,686,45,77,192,0,0,0,304,infection,684
28.339680491024595,686,44,78,192,0,0,0,304,infectious,531
28.3461058911584,685,45,78,192,0,0,0,305,infection,564
28.352002665438977,685,44,79,192,0,0,0,305,infectious,239
28.35538852931837,685,43,80,192,0,0,0,305,infectious,3
28.38748361130667,684,44,80,192,0,0,0,306,infection,826
28.395810632333678,684,44,79,193,0,0,0,306,recovery,432
28.402982791675452,684,43,80,193,0,0,0,306,infectious,933
28.424033636239663,683,44,80,193,0,0,0,307,infection,766
28.43096821549454,683,44,79,194,0,0,0,307,recovery,8
28.444479127885774,683,43,80,194,0,0,0,307,infectious,640
28.458489634870944,683,42,81,194,0,0,0,307,infectious,6
28.473272883471896,682,43,81,194,0,0,0,308,infection,772
28.47630355491839,682,43,80,195,0,0,0,308,recovery,525
28.48244366892857,682,43,79,196,0,0,0,308,recovery,526
28.486684101875557,682,43,78,197,0,0,0,308,recovery,556
28.499232562260392,682,42,79,197,0,0,0,308,infectious,849
28.509886338084055,682,41,80,197,0,0,0,308,infectious,19
28.510941987724415,682,41,79,198,0,0,0,308,recovery,599
28.543264361878286,682,41,78,199,0,0,0,308,recovery,407
28.545901884906698,682,40,79,199,0,0,0,308,infectious,571
28.54893704960961,682,40,78,200,0,0,0,308,recovery,847
28.55091838146747,681,41,78,200,0,0,0,309,infection,661
28.561852777376995,680,42,78,200,0,0,0,310,infection,830
28.588389725231536,679,43,78,200,0,0,0,311,infection,417
28.592574079619464,679,42,79,200,0,0,0,311,infectious,927
28.60145289153427,678,43,79,200,0,0,0,312,infection,169
28.63766403640264,677,44,79,200,0,0,0,313,infection,317
28.674159726414743,677,43,80,200,0,0,0,313,infectious,374
28.67630425307742,676,44,80,200,0,0,0,314,infection,575
28.68723729998709,676,44,79,201,0,0,0,314,recovery,296
28.687688424847725,676,43,80,201,0,0,0,314,infectious,548
28.70260420443503,676,43,79,202,0,0,0,314,recovery,878
28.71949975346516,676,42,80,202,0,0,0,314,infectious,317
28.723933600243264,675,43,80,202,0,0,0,315,infection,976
28.727302341138945,674,44,80,202,0,0,0,316,infection,351
28.73447456889204,674,44,79,203,0,0,0,316,recovery,2
28.737275552851816,674,44,78,204,0,0,0,316,recovery,152
28.74081622216712,674,44,77,205,0,0,0,316,recovery,672
28.757023816127454,673,45,77,205,0,0,0,317,infection,396
28.760442036128026,673,44,78,205,0,0,0,317,infectious,166
28.782578370637403,672,45,78,205,0,0,0,318,infection,940
28.791193352394846,672,44,79,205,0,0,0,318,infectious,830
28.821889911392354,672,43,80,205,0,0,0,318,infectious,792
28.835677366202667,671,44,80,205,0,0,0,319,infection,156
28.841412351552318,671,44,79,206,0,0,0,319,recovery,831
28.851188900818496,671,43,80,206,0,0,0,319,infectious,417
28.860702839382732,671,42,81,206,0,0,0,319,infectious,117
28.882927950411652,671,41,82,206,0,0,0,319,infectious,201
28.893055874271173,671,40,83,206,0,0,0,319,infectious,226
28.89400161161948,670,41,83,206,0,0,0,320,infection,44
28.93100970383222,669,42,83,206,0,0,0,321,infection,213
28.941988641772777,668,43,83,206,0,0,0,322,infection,789
28.967936085074808,667,44,83,206,0,0,0,323,infection,424
28.99428076567845,667,43,84,206,0,0,0,323,infectious,170
29.016307406313633,667,42,85,206,0,0,0,323,infectious,684
29.020958235046145,667,41,86,206,0,0,0,323,infectious,690
29.025007871090036,666,42,86,206,0,0,0,324,infection,106
29.04886273051914,665,43,86,206,0,0,0,325,infection,824
29.07299547186434,664,44,86,206,0,0,0,326,infection,403
29.085426112555147,663,45,86,206,0,0,0,327,infection,75
29.08594158539213,663,44,87,206,0,0,0,327,infectious,57
29.1111762754903,663,44,86,207,0,0,0,327,recovery,421
29.12922702236877,663,44,85,208,0,0,0,327,recovery,910
29.130275007279707,662,45,85,208,0,0,0,328,infection,341
29.137551853902234,662,44,86,208,0,0,0,328,infectious,826
29.13919094939731,662,44,85,209,0,0,0,328,recovery,199
29.164580345861946,662,43,86,209,0,0,0,328,infectious,169
29.177274623832965,661,44,86,209,0,0,0,329,infection,899
29.20392766140683,660,45,86,209,0,0,0,330,infection,449
29.211723856563644,659,46,86,209,0,0,0,331,infection,659
29.235534954463724,658,47,86,209,0,0,0,332,infection,277
29.238328598851396,658,47,85,210,0,0,0,332,recovery,57
29.243585137500897,658,47,84,211,0,0,0,332,recovery,242
29.29587122983969,657,48,84,211,0,0,0,333,infection,440
29.32109366673358,657,47,85,211,0,0,0,333,infectious,632
29.369153368087254,657,46,86,211,0,0,0,333,infectious,396
29.388154909992785,656,47,86,211,0,0,0,334,infection,192
29.41637526243891,656,47,85,212,0,0,0,334,recovery,571
29.416689076960218,656,46,86,212,0,0,0,334,infectious,134
29.43335396668837,656,45,87,212,0,0,0,334,infectious,322
29.45772007961015,656,45,86,213,0,0,0,334,recovery,792
29.462702758912293,656,45,85,214,0,0,0,334,recovery,135
29.46812899392534,655,46,85,214,0,0,0,335,infection,954
29.471498514335988,654,47,85,214,0,0,0,336,infection,315
29.475503898632592,654,47,84,215,0,0,0,336,recovery,226
29.485660620689945,653,48,84,215,0,0,0,337,infection,810
29.49479207992775,653,47,85,215,0,0,0,337,infectious,564
29.50630600226823,653,47,84,216,0,0,0,337,recovery,117
29.506654671258783,652,48,84,216,0,0,0,338,infection,699
29.514009757482885,652,47,85,216,0,0,0,338,infectious,369
29.516251533671767,651,48,85,216,0,0,0,339,infection,482
29.543917475954107,650,49,85,216,0,0,0,340,infection,967
29.549924542762533,650,49,84,217,0,0,0,340,recovery,673
29.556963157246024,650,49,83,218,0,0,0,340,recovery,617
29.557114772590733,650,48,84,218,0,0,0,340,infectious,106
29.569064301492027,649,49,84,218,0,0,0,341,infection,660
29.572118382294036,648,50,84,218,0,0,0,342,infection,287
29.59590502111711,648,50,83,219,0,0,0,342,recovery,751
29.654734980048758,648,49,84,219,0,0,0,342,infectious,810
29.66589493373233,648,49,83,220,0,0,0,342,recovery,749
29.686207194485252,647,50,83,220,0,0,0,343,infection,408
29.69083947887824,646,51,83,220,0,0,0,344,infection,886
29.691522821900907,645,52,83,220,0,0,0,345,infection,159
29.727737371399993,645,51,84,220,0,0,0,345,infectious,575
29.7436202997395,645,51,83,221,0,0,0,345,recovery,126
29.762264934523234,645,51,82,222,0,0,0,345,recovery,849
29.810694037812056,644,52,82,222,0,0,0,346,infection,720
29.82485688650275,644,52,81,223,0,0,0,346,recovery,810
29.85614688537679,644,51,82,223,0,0,0,346,infectious,659
29.87448937929202,644,50,83,223,0,0,0,346,infectious,213
29.879671111147502,643,51,83,223,0,0,0,347,infection,475
29.881111161219675,642,52,83,223,0,0,0,348,infection,343
29.889488487271006,642,52,82,224,0,0,0,348,recovery,608
29.889734685859462,642,51,83,224,0,0,0,348,infectious,835
29.897560441224105,642,50,84,224,0,0,0,348,infectious,156
29.91319560458045,641,51,84,224,0,0,0,349,infection,856
29.920091930971374,640,52,84,224,0,0,0,350,infection,697
29.920885501830977,640,52,83,225,0,0,0,350,recovery,841
29.927908255008496,639,53,83,225,0,0,0,351,infection,515
29.96360328232446,638,54,83,225,0,0,0,352,infection,109
29.980696749341263,637,55,83,225,0,0,0,353,infection,511
29.983992731494535,636,56,83,225,0,0,0,354,infection,453
30.017582973729674,636,55,84,225,0,0,0,354,infectious,511
30.018410549259652,636,54,85,225,0,0,0,354,infectious,74
30.030063399007,635,55,85,225,0,0,0,355,infection,784
30.03965262623655,635,55,84,226,0,0,0,355,recovery,596
30.046351967858723,635,55,83,227,0,0,0,355,recovery,564
30.048550625863673,634,56,83,227,0,0,0,356,infection,289
30.05053099948649,634,55,84,227,0,0,0,356,infectious,482
30.077052655214594,634,54,85,227,0,0,0,356,infectious,341
30.080291035651168,634,53,86,227,0,0,0,356,infectious,138
30.093873487790265,634,52,87,227,0,0,0,356,infectious,824
30.103464701183,634,52,86,228,0,0,0,356,recovery,578
30.117340183809834,634,52,85,229,0,0,0,356,recovery,340
30.12947987806262,634,52,84,230,0,0,0,356,recovery,397
30.131984584122357,634,52,83,231,0,0,0,356,recovery,566
30.14090967740283,634,51,84,231,0,0,0,356,infectious,44
30.14427459781658,633,52,84,231,0,0,0,357,infection,68
30.14769731695907,632,53,84,231,0,0,0,358,infection,60
30.177230198740858,632,52,85,231,0,0,0,358,infectious,449
30.18961747218024,631,53,85,231,0,0,0,359,infection,502
30.200284622497367,630,54,85,231,0,0,0,360,infection,598
30.21643188164084,630,54,84,232,0,0,0,360,recovery,373
30.221322916194342,629,55,84,232,0,0,0,361,infection,463
30.25690409291546,629,55,83,233,0,0,0,361,recovery,855
30.2718511234695,629,55,82,234,0,0,0,361,recovery,358
30.286733247256944,629,54,83,234,0,0,0,361,infectious,726
30.323060569903266,629,53,84,234,0,0,0,361,infectious,287
30.32591770091961,628,54,84,234,0,0,0,362,infection,119
30.35061067854273,627,55,84,234,0,0,0,363,infection,573
30.36240166604834,627,55,83,235,0,0,0,363,recovery,396
30.36267866672056,626,56,83,235,0,0,0,364,infection,276
30.387794434559364,626,56,82,236,0,0,0,364,recovery,420
30.392520590896364,626,55,83,236,0,0,0,364,infectious,899
30.435464486337423,626,54,84,236,0,0,0,364,infectious,440
30.45665541438255,625,55,84,236,0,0,0,365,infection,879
30.461417789895,624,56,84,236,0,0,0,366,infection,928
30.47803452291012,624,56,83,237,0,0,0,366,recovery,142
30.50116626642923,623,57,83,237,0,0,0,367,infection,376
30.50396061278951,622,58,83,237,0,0,0,368,infection,906
30.508351340501427,621,59,83,237,0,0,0,369,infection,895
30.51666659219542,620,60,83,237,0,0,0,370,infection,282
30.531635561049413,620,59,84,237,0,0,0,370,infectious,376
30.550214393558353,620,58,85,237,0,0,0,370,infectious,159
30.55075171743762,620,57,86,237,0,0,0,370,infectious,598
30.554648252381938,620,56,87,237,0,0,0,370,infectious,162
30.556601001160455,620,55,88,237,0,0,0,370,infectious,237
30.561857318463325,619,56,88,237,0,0,0,371,infection,64
30.567518178807244,619,55,89,237,0,0,0,371,infectious,119
30.614407118943582,619,55,88,238,0,0,0,371,recovery,773
30.641184859278738,619,55,87,239,0,0,0,371,recovery,664
30.683821090908822,619,54,88,239,0,0,0,371,infectious,167
30.68890440803241,619,53,89,239,0,0,0,371,infectious,766
30.69283603927009,619,53,88,240,0,0,0,371,recovery,155
30.70935702905005,618,54,88,240,0,0,0,372,infection,290
30.709919612718608,617,55,88,240,0,0,0,373,infection,436
30.7177990384176,616,56,88,240,0,0,0,374,infection,286
30.721089945521598,616,56,87,241,0,0,0,374,recovery,166
30.740833533360313,616,56,86,242,0,0,0,374,recovery,6
30.758964598378583,615,57,86,242,0,0,0,375,infection,114
30.770939753715737,615,57,85,243,0,0,0,375,recovery,862
30.783536967008917,614,58,85,243,0,0,0,376,infection,520
30.795265403829305,614,57,86,243,0,0,0,376,infectious,967
30.795921398276466,614,56,87,243,0,0,0,376,infectious,709
30.803722539654704,613,57,87,243,0,0,0,377,infection,185
30.82755387728321,612,58,87,243,0,0,0,378,infection,16
30.832330140278998,611,59,87,243,0,0,0,379,infection,893
30.833978955516283,610,60,87,243,0,0,0,380,infection,568
30.839586126963436,609,61,87,243,0,0,0,381,infection,771
30.852828660734154,608,62,87,243,0,0,0,382,infection,112
30.87185867280631,608,61,88,243,0,0,0,382,infectious,488
30.886694181339497,608,60,89,243,0,0,0,382,infectious,75
30.89269370970047,608,60,88,244,0,0,0,382,recovery,941
30.89474038053007,608,60,87,245,0,0,0,382,recovery,690
30.89653706996273,607,61,87,245,0,0,0,383,infection,312
30.901597770622562,607,61,86,246,0,0,0,383,recovery,74
30.907017997018503,607,60,87,246,0,0,0,383,infectious,886
30.91486626734989,607,60,86,247,0,0,0,383,recovery,239
30.929083872961705,607,59,87,247,0,0,0,383,infectious,784
30.942862125367256,606,60,87,247,0,0,0,384,infection,686
30.9495460420405,605,61,87,247,0,0,0,385,infection,496
30.999793030540015,605,61,86,248,0,0,0,385,recovery,826
31.00939254718961,604,62,86,248,0,0,0,386,infection,458
31.021483759560393,603,63,86,248,0,0,0,387,infection,484
31.03713013160558,603,62,87,248,0,0,0,387,infectious,895
31.042689556531297,602,63,87,248,0,0,0,388,infection,926
31.07513515821367,601,64,87,248,0,0,0,389,infection,620
31.135244734787793,601,64,86,249,0,0,0,389,recovery,840
31.165904247459977,601,63,87,249,0,0,0,389,infectious,403
31.191712711900607,601,63,86,250,0,0,0,389,recovery,412
31.191839059897717,601,63,85,251,0,0,0,389,recovery,531
31.193341620571076,600,64,85,251,0,0,0,390,infection,197
31.19615007272854,600,63,86,251,0,0,0,390,infectious,573
31.197054897747172,600,62,87,251,0,0,0,390,infectious,502
31.204287214229833,600,61,88,251,0,0,0,390,infectious,695
31.2142245269603,599,62,88,251,0,0,0,391,infection,814
31.21861532363534,599,62,87,252,0,0,0,391,recovery,645
31.2190246447261,598,63,87,252,0,0,0,392,infection,430
31.232250543686625,598,63,86,253,0,0,0,392,recovery,150
31.23763420814892,598,62,87,253,0,0,0,392,infectious,424
31.239586981297354,598,62,86,254,0,0,0,392,recovery,138
31.252949338543953,598,61,87,254,0,0,0,392,infectious,699
31.257911875476186,598,61,86,255,0,0,0,392,recovery,766
31.28290269396027,598,60,87,255,0,0,0,392,infectious,224
31.29567432747531,598,59,88,255,0,0,0,392,infectious,408
31.302339655661157,598,59,87,256,0,0,0,392,recovery,162
31.31485401970135,598,59,86,257,0,0,0,392,recovery,967
31.319160645874362,598,58,87,257,0,0,0,392,infectious,940
31.34412473107639,598,57,88,257,0,0,0,392,infectious,185
31.352846015147197,597,58,88,257,0,0,0,393,infection,528
31.359064487340834,597,57,89,257,0,0,0,393,infectious,879
31.368611162836437,597,57,88,258,0,0,0,393,recovery,233
31.413691435317048,597,56,89,258,0,0,0,393,infectious,976
31.41485193403916,597,55,90,258,0,0,0,393,infectious,720
31.468488927356564,596,56,90,258,0,0,0,394,infection,920
31.48207468111489,595,57,90,258,0,0,0,395,infection,101
31.483973046377926,595,56,91,258,0,0,0,395,infectious,114
31.508831568457392,594,57,91,258,0,0,0,396,infection,973
31.53034735478933,593,58,91,258,0,0,0,397,infection,241
31.547114610320083,593,57,92,258,0,0,0,397,infectious,954
31.570791904183956,592,58,92,258,0,0,0,398,infection,96
31.59058155097238,591,59,92,258,0,0,0,399,infection,265
31.60630748303102,591,59,91,259,0,0,0,399,recovery,708
31.648466866674585,591,58,92,259,0,0,0,399,infectious,351
31.66163688053894,590,59,92,259,0,0,0,400,infection,884
31.672771596909058,590,59,91,260,0,0,0,400,recovery,598
31.67285135363686,589,60,91,260,0,0,0,401,infection,639
31.672947257757784,589,60,90,261,0,0,0,401,recovery,159
31.706146737506238,589,59,91,261,0,0,0,401,infectious,697
31.71371276761387,588,60,91,261,0,0,0,402,infection,867
31.72253904343332,588,60,90,262,0,0,0,402,recovery,224
31.72492577858824,587,61,90,262,0,0,0,403,infection,911
31.730192690759456,587,60,91,262,0,0,0,403,infectious,312
31.731530967386036,586,61,91,262,0,0,0,404,infection,323
31.731782498626323,585,62,91,262,0,0,0,405,infection,309
31.739183549299426,585,61,92,262,0,0,0,405,infectious,867
31.752572156492437,584,62,92,262,0,0,0,406,infection,700
31.76512420816106,584,61,93,262,0,0,0,406,infectious,973
31.777966643262733,583,62,93,262,0,0,0,407,infection,943
31.808401393325152,583,61,94,262,0,0,0,407,infectious,906
31.82636251887207,582,62,94,262,0,0,0,408,infection,38
31.82732527523684,582,61,95,262,0,0,0,408,infectious,568
31.83330768964619,581,62,95,262,0,0,0,409,infection,214
31.83824611131339,580,63,95,262,0,0,0,410,infection,9
31.87358044485423,580,62,96,262,0,0,0,410,infectious,884
31.925739443249068,580,61,97,262,0,0,0,410,infectious,64
31.9312202831986,580,60,98,262,0,0,0,410,infectious,496
31.96250401326681,580,59,99,262,0,0,0,410,infectious,515
31.96568115096987,579,60,99,262,0,0,0,411,infection,350
31.983340897240048,579,60,98,263,0,0,0,411,recovery,886
31.986088336867947,578,61,98,263,0,0,0,412,infection,545
31.98990971449854,578,60,99,263,0,0,0,412,infectious,276
31.999461694155258,578,59,100,263,0,0,0,412,infectious,197
32.001147585881135,578,58,101,263,0,0,0,412,infectious,856
32.01036934245508,577,59,101,263,0,0,0,413,infection,43
32.02103458673813,576,60,101,263,0,0,0,414,infection,266
32.044658596764286,575,61,101,263,0,0,0,415,infection,678
32.051281406440474,574,62,101,263,0,0,0,416,infection,909
32.06021467669118,574,62,100,264,0,0,0,416,recovery,408
32.07542148790207,574,61,101,264,0,0,0,416,infectious,68
32.08457477544236,573,62,101,264,0,0,0,417,infection,495
32.085431934563005,573,61,102,264,0,0,0,417,infectious,943
32.09137316530465,572,62,102,264,0,0,0,418,infection,149
32.10211139983629,572,61,103,264,0,0,0,418,infectious,277
32.109733057992926,572,60,104,264,0,0,0,418,infectious,920
32.149602273979404,571,61,104,264,0,0,0,419,infection,509
32.15872577775003,571,60,105,264,0,0,0,419,infectious,463
32.19424552844411,570,61,105,264,0,0,0,420,infection,228
32.19609005692642,569,62,105,264,0,0,0,421,infection,76
32.216665388952734,569,61,106,264,0,0,0,421,infectious,16
32.21671707818743,568,62,106,264,0,0,0,422,infection,35
32.23803825321439,568,61,107,264,0,0,0,422,infectious,282
32.24157039896682,567,62,107,264,0,0,0,423,infection,907
32.242220153703464,567,61,108,264,0,0,0,423,infectious,35
32.24523242520454,566,62,108,264,0,0,0,424,infection,650
32.252411055173624,566,61,109,264,0,0,0,424,infectious,650
32.2744070934491,565,62,109,264,0,0,0,425,infection,258
32.29624331500403,565,62,108,265,0,0,0,425,recovery,35
32.305731492934754,564,63,108,265,0,0,0,426,infection,732
32.30909784810251,563,64,108,265,0,0,0,427,infection,485
32.31787177816527,563,63,109,265,0,0,0,427,infectious,789
32.33574905346835,563,62,110,265,0,0,0,427,infectious,228
32.351364767796206,562,63,110,265,0,0,0,428,infection,944
32.35616690110561,561,64,110,265,0,0,0,429,infection,698
32.36023830934659,561,63,111,265,0,0,0,429,infectious,495
32.36630368931099,560,64,111,265,0,0,0,430,infection,859
32.367379073500665,560,64,110,266,0,0,0,430,recovery,169
32.37332226195152,560,64,109,267,0,0,0,430,recovery,417
32.38124493528147,559,65,109,267,0,0,0,431,infection,498
32.39593193943086,559,64,110,267,0,0,0,431,infectious,241
32.41334737309928,559,64,109,268,0,0,0,431,recovery,134
32.431053607571656,559,63,110,268,0,0,0,431,infectious,9
32.4509478240587,559,62,111,268,0,0,0,431,infectious,445
32.45117427509314,559,62,110,269,0,0,0,431,recovery,665
32.47717477375018,558,63,110,269,0,0,0,432,infection,961
32.48861670709342,557,64,110,269,0,0,0,433,infection,410
32.49569691031489,557,63,111,269,0,0,0,433,infectious,149
32.499561839967285,556,64,111,269,0,0,0,434,infection,367
32.50992685998904,555,65,111,269,0,0,0,435,infection,65
32.51075329338186,555,64,112,269,0,0,0,435,infectious,961
32.51169562596456,555,63,113,269,0,0,0,435,infectious,907
32.51552456022821,555,63,112,270,0,0,0,435,recovery,940
32.51630067473646,555,63,111,271,0,0,0,435,recovery,602
32.520872790118815,555,63,110,272,0,0,0,435,recovery,496
32.5216670461164,555,62,111,272,0,0,0,435,infectious,258
32.536001931389215,555,62,110,273,0,0,0,435,recovery,374
32.54372499199592,555,61,111,273,0,0,0,435,infectious,289
32.63827597088564,555,60,112,273,0,0,0,435,infectious,485
32.64083235034819,554,61,112,273,0,0,0,436,infection,433
32.64675729882344,554,61,111,274,0,0,0,436,recovery,868
32.703291768713775,554,61,110,275,0,0,0,436,recovery,201
32.70738548462514,554,60,111,275,0,0,0,436,infectious,265
32.71543580071967,554,59,112,275,0,0,0,436,infectious,772
32.72092543183277,553,60,112,275,0,0,0,437,infection,809
32.73314631195671,553,60,111,276,0,0,0,437,recovery,81
32.75295311633115,552,61,111,276,0,0,0,438,infection,325
32.75663234154724,552,61,110,277,0,0,0,438,recovery,772
32.76218034239221,552,60,111,277,0,0,0,438,infectious,304
32.77185718578835,552,59,112,277,0,0,0,438,infectious,101
32.791827868634755,551,60,112,277,0,0,0,439,infection,885
32.79586162266336,551,60,111,278,0,0,0,439,recovery,16
32.80209573965643,550,61,111,278,0,0,0,440,infection,268
32.80291095850253,549,62,111,278,0,0,0,441,infection,755
32.817668179165125,549,61,112,278,0,0,0,441,infectious,520
32.83247879418776,549,60,113,278,0,0,0,441,infectious,809
32.83285665035921,549,59,114,278,0,0,0,441,infectious,112
32.86410778259992,548,60,114,278,0,0,0,442,infection,917
32.86530243941786,548,60,113,279,0,0,0,442,recovery,867
32.87845378836464,548,59,114,279,0,0,0,442,infectious,719
32.887101088049256,548,59,113,280,0,0,0,442,recovery,322
32.90081903336812,548,58,114,280,0,0,0,442,infectious,509
32.90751527148957,548,57,115,280,0,0,0,442,infectious,96
32.91456638418633,547,58,115,280,0,0,0,443,infection,115
32.916253619616135,547,58,114,281,0,0,0,443,recovery,19
32.91976055112013,547,58,113,282,0,0,0,443,recovery,108
32.919904733048305,547,58,112,283,0,0,0,443,recovery,622
32.94930520707042,546,59,112,283,0,0,0,444,infection,52
32.97273959550909,546,59,111,284,0,0,0,444,recovery,276
32.975485519608185,546,58,112,284,0,0,0,444,infectious,528
32.977852015527134,545,59,112,284,0,0,0,445,infection,90
33.00520117563243,544,60,112,284,0,0,0,446,infection,903
33.01560825396281,544,59,113,284,0,0,0,446,infectious,309
33.03090549775375,544,59,112,285,0,0,0,446,recovery,351
33.031400733965526,544,58,113,285,0,0,0,446,infectious,286
33.03195250330463,544,58,112,286,0,0,0,446,recovery,282
33.040187991793815,543,59,112,286,0,0,0,447,infection,79
33.040760306076216,543,58,113,286,0,0,0,447,infectious,587
33.04356452886887,543,58,112,287,0,0,0,447,recovery,954
33.047990229180314,543,58,111,288,0,0,0,447,recovery,697
33.068744641073216,543,58,110,289,0,0,0,447,recovery,465
33.08297115715733,542,59,110,289,0,0,0,448,infection,136
33.110702874445394,542,59,109,290,0,0,0,448,recovery,341
33.119151001885044,541,60,109,290,0,0,0,449,infection,574
33.137825730219724,541,60,108,291,0,0,0,449,recovery,918
33.1381782903653,541,60,107,292,0,0,0,449,recovery,983
33.16565529364812,541,60,106,293,0,0,0,449,recovery,684
33.18554597019801,541,60,105,294,0,0,0,449,recovery,895
33.197803455581905,540,61,105,294,0,0,0,450,infection,137
33.203986407947,540,61,104,295,0,0,0,450,recovery,241
33.20855181655925,540,60,105,295,0,0,0,450,infectious,661
33.215418777291475,539,61,105,295,0,0,0,451,infection,851
33.23771352102765,538,62,105,295,0,0,0,452,infection,354
33.2414167146633,538,62,104,296,0,0,0,452,recovery,973
33.24335620812697,538,61,105,296,0,0,0,452,infectious,785
33.25689729492331,538,60,106,296,0,0,0,452,infectious,137
33.2580675130849,538,59,107,296,0,0,0,452,infectious,818
33.26281103770677,538,59,106,297,0,0,0,452,recovery,197
33.26610555360393,538,58,107,297,0,0,0,452,infectious,367
33.2736300690771,537,59,107,297,0,0,0,453,infection,929
33.27514026422211,536,60,107,297,0,0,0,454,infection,689
33.28377473709281,536,60,106,298,0,0,0,454,recovery,719
33.29049628641218,535,61,106,298,0,0,0,455,infection,232
33.32162671838848,535,60,107,298,0,0,0,455,infectious,232
33.333911718162696,535,60,106,299,0,0,0,455,recovery,709
33.33517643285005,534,61,106,299,0,0,0,456,infection,283
33.393904030832914,534,60,107,299,0,0,0,456,infectious,14
33.40471736478122,534,59,108,299,0,0,0,456,infectious,909
33.408889510486375,534,59,107,300,0,0,0,456,recovery,548
33.41886255100008,534,59,106,301,0,0,0,456,recovery,943
33.43369050326476,534,58,107,301,0,0,0,456,infectious,38
33.434896128814444,534,57,108,301,0,0,0,456,infectious,732
33.43766206390817,534,56,109,301,0,0,0,456,infectious,620
33.443269073400025,534,55,110,301,0,0,0,456,infectious,350
33.46452139277219,534,55,109,302,0,0,0,456,recovery,286
33.470759625607776,534,54,110,302,0,0,0,456,infectious,283
33.48566776260492,533,55,110,302,0,0,0,457,infection,874
33.50200360753682,533,54,111,302,0,0,0,457,infectious,903
33.53767566563317,532,55,111,302,0,0,0,458,infection,854
33.5525092614721,532,54,112,302,0,0,0,458,infectious,436
33.55417651273198,532,54,111,303,0,0,0,458,recovery,661
33.57266102876376,532,53,112,303,0,0,0,458,infectious,700
33.5922979564025,532,53,111,304,0,0,0,458,recovery,114
33.60409722529427,532,53,110,305,0,0,0,458,recovery,856
33.60410259115388,531,54,110,305,0,0,0,459,infection,269
33.618977102789245,530,55,110,305,0,0,0,460,infection,478
33.624671758024924,530,54,111,305,0,0,0,460,infectious,911
33.63111147538164,530,53,112,305,0,0,0,460,infectious,269
33.64224541790274,530,52,113,305,0,0,0,460,infectious,192
33.655474610085584,530,52,112,306,0,0,0,460,recovery,904
33.66100088936346,530,52,111,307,0,0,0,460,recovery,350
33.679551501952886,530,52,110,308,0,0,0,460,recovery,509
33.68000289551902,530,51,111,308,0,0,0,460,infectious,660
33.68644248190972,530,51,110,309,0,0,0,460,recovery,872
33.688460715177364,530,50,111,309,0,0,0,460,infectious,136
33.69081445478168,530,49,112,309,0,0,0,460,infectious,343
33.70109927721448,530,48,113,309,0,0,0,460,infectious,851
33.713170177473344,530,48,112,310,0,0,0,460,recovery,424
33.715081142567186,530,48,111,311,0,0,0,460,recovery,554
33.721012757126005,529,49,111,311,0,0,0,461,infection,349
33.72562460331257,529,49,110,312,0,0,0,461,recovery,317
33.742022380654355,528,50,110,312,0,0,0,462,infection,193
33.76338839636636,528,50,109,313,0,0,0,462,recovery,112
33.800543575957114,527,51,109,313,0,0,0,463,infection,611
33.822476692510406,526,52,109,313,0,0,0,464,infection,518
33.86143717959911,525,53,109,313,0,0,0,465,infection,171
33.90253990156116,525,52,110,313,0,0,0,465,infectious,885
33.90533653123592,525,52,109,314,0,0,0,465,recovery,482
33.906070352610016,525,51,110,314,0,0,0,465,infectious,929
33.915226007961905,525,51,109,315,0,0,0,465,recovery,136
33.93196346569867,525,50,110,315,0,0,0,465,infectious,926
33.933951778679734,524,51,110,315,0,0,0,466,infection,327
33.95664907808905,523,52,110,315,0,0,0,467,infection,95
33.95895039831276,523,52,109,316,0,0,0,467,recovery,511
33.96099340799945,522,53,109,316,0,0,0,468,infection,53
33.964485619155056,522,53,108,317,0,0,0,468,recovery,192
33.970460656134975,522,53,107,318,0,0,0,468,recovery,119
33.979944833948984,521,54,107,318,0,0,0,469,infection,329
33.98183116477943,521,53,108,318,0,0,0,469,infectious,95
33.992224741382145,520,54,108,318,0,0,0,470,infection,448
34.01014914601704,520,54,107,319,0,0,0,470,recovery,148
34.02249168554446,519,55,107,319,0,0,0,471,infection,745
34.03275441512077,518,56,107,319,0,0,0,472,infection,744
34.06787345909228,517,57,107,319,0,0,0,473,infection,524
34.08542005316815,517,57,106,320,0,0,0,473,recovery,699
34.093231401289685,517,57,105,321,0,0,0,473,recovery,620
34.095415243885284,517,57,104,322,0,0,0,473,recovery,824
34.10413477002775,516,58,104,322,0,0,0,474,infection,685
34.115916925967745,516,58,103,323,0,0,0,474,recovery,789
34.131938273277676,515,59,103,323,0,0,0,475,infection,604
34.13286821012552,515,58,104,323,0,0,0,475,infectious,329
34.1604911773195,514,59,104,323,0,0,0,476,infection,562
34.18342927395704,513,60,104,323,0,0,0,477,infection,131
34.24391943769494,512,61,104,323,0,0,0,478,infection,558
34.25323647758121,512,61,103,324,0,0,0,478,recovery,234
34.307064132514384,512,60,104,324,0,0,0,478,infectious,52
34.31695553828374,512,59,105,324,0,0,0,478,infectious,115
34.33206420522721,512,59,104,325,0,0,0,478,recovery,818
34.343492840072926,512,58,105,325,0,0,0,478,infectious,558
34.34459089056024,512,57,106,325,0,0,0,478,infectious,814
34.35720563945388,512,56,107,325,0,0,0,478,infectious,290
34.36624983010566,512,56,106,326,0,0,0,478,recovery,911
34.36899678678056,512,55,107,326,0,0,0,478,infectious,524
34.379590218924875,512,55,106,327,0,0,0,478,recovery,329
34.38654808605036,512,54,107,327,0,0,0,478,infectious,475
34.3910916569496,511,55,107,327,0,0,0,479,infection,387
34.39166675955805,511,55,106,328,0,0,0,479,recovery,75
34.40361287329155,511,55,105,329,0,0,0,479,recovery,906
34.418200707635116,510,56,105,329,0,0,0,480,infection,737
34.418848903618944,510,55,106,329,0,0,0,480,infectious,76
34.47034768544899,510,54,107,329,0,0,0,480,infectious,109
34.48422974284847,510,53,108,329,0,0,0,480,infectious,574
34.49091415223698,510,53,107,330,0,0,0,480,recovery,660
34.49811782708437,510,52,108,330,0,0,0,480,infectious,685
34.50360002303358,510,52,107,331,0,0,0,480,recovery,58
34.52051149006276,509,53,107,331,0,0,0,481,infection,284
34.5217984585443,508,54,107,331,0,0,0,482,infection,493
34.532929599299386,508,53,108,331,0,0,0,482,infectious,410
34.54365314481382,508,53,107,332,0,0,0,482,recovery,532
34.55299418640186,508,52,108,332,0,0,0,482,infectious,131
34.55921115247936,508,52,107,333,0,0,0,482,recovery,502
34.59119720292412,508,51,108,333,0,0,0,482,infectious,755
34.592935852437066,507,52,108,333,0,0,0,483,infection,970
34.59819729274108,506,53,108,333,0,0,0,484,infection,714
34.61546941746271,505,54,108,333,0,0,0,485,infection,301
34.62306686489734,505,54,107,334,0,0,0,485,recovery,475
34.62547860523548,505,53,108,334,0,0,0,485,infectious,323
34.65762528728379,504,54,108,334,0,0,0,486,infection,384
34.6862631535305,504,54,107,335,0,0,0,486,recovery,14
34.697556906977155,504,54,106,336,0,0,0,486,recovery,885
34.70767706124242,503,55,106,336,0,0,0,487,infection,444
34.70895554222651,502,56,106,336,0,0,0,488,infection,871
34.74542486176543,502,55,107,336,0,0,0,488,infectious,689
34.749487364931035,502,55,106,337,0,0,0,488,recovery,277
34.76406357541046,502,54,107,337,0,0,0,488,infectious,944
34.765457186051826,502,54,106,338,0,0,0,488,recovery,3
34.77429019130506,502,54,105,339,0,0,0,488,recovery,164
34.78137844101702,501,55,105,339,0,0,0,489,infection,705
34.78745550335334,500,56,105,339,0,0,0,490,infection,250
34.80375170418808,499,57,105,339,0,0,0,491,infection,815
34.8161561055514,499,57,104,340,0,0,0,491,recovery,558
34.820248033391685,499,57,103,341,0,0,0,491,recovery,283
34.83187489876514,498,58,103,341,0,0,0,492,infection,747
34.844033528944465,498,58,102,342,0,0,0,492,recovery,640
34.8643223572763,498,58,101,343,0,0,0,492,recovery,131
34.87281615384085,497,59,101,343,0,0,0,493,infection,472
34.9188159651461,496,60,101,343,0,0,0,494,infection,179
34.94057874674553,495,61,101,343,0,0,0,495,infection,62
34.96386371082079,495,60,102,343,0,0,0,495,infectious,793
34.96883734313292,495,59,103,343,0,0,0,495,infectious,928
34.9692931515784,495,58,104,343,0,0,0,495,infectious,478
34.98242113796402,494,59,104,343,0,0,0,496,infection,490
34.986176835846294,494,58,105,343,0,0,0,496,infectious,611
34.99391920732481,494,57,106,343,0,0,0,496,infectious,458
34.99406290658859,494,57,105,344,0,0,0,496,recovery,423
34.99681299440265,494,56,106,344,0,0,0,496,infectious,970
35.03155740770444,494,56,105,345,0,0,0,496,recovery,587
35.05347453466118,494,56,104,346,0,0,0,496,recovery,700
35.05649761733574,493,57,104,346,0,0,0,497,infection,221
35.076321416335404,493,57,103,347,0,0,0,497,recovery,369
35.07853072558816,493,57,102,348,0,0,0,497,recovery,611
35.08788898724748,493,57,101,349,0,0,0,497,recovery,323
35.0901452560213,493,57,100,350,0,0,0,497,recovery,458
35.09615188240818,492,58,100,350,0,0,0,498,infection,706
35.16932128134967,492,58,99,351,0,0,0,498,recovery,907
35.19553640804012,492,57,100,351,0,0,0,498,infectious,747
35.20451590568844,491,58,100,351,0,0,0,499,infection,519
35.20687233471216,490,59,100,351,0,0,0,500,infection,383
35.209065880861175,490,59,99,352,0,0,0,500,recovery,510
35.225982743383696,490,58,100,352,0,0,0,500,infectious,444
35.2268640034914,490,57,101,352,0,0,0,500,infectious,874
35.229306542942076,489,58,101,352,0,0,0,501,infection,812
35.24987452617745,489,58,100,353,0,0,0,501,recovery,312
35.258728471354644,489,58,99,354,0,0,0,501,recovery,814
35.290479435016394,488,59,99,354,0,0,0,502,infection,189
35.313692872218994,487,60,99,354,0,0,0,503,infection,619
35.32015073282388,487,59,100,354,0,0,0,503,infectious,384
35.32215962739379,487,58,101,354,0,0,0,503,infectious,214
35.32365467221651,487,57,102,354,0,0,0,503,infectious,171
35.345757215333094,487,56,103,354,0,0,0,503,infectious,760
35.35623169494837,486,57,103,354,0,0,0,504,infection,380
35.36420831228162,486,56,104,354,0,0,0,504,infectious,639
35.36898966712603,486,55,105,354,0,0,0,504,infectious,380
35.39433839400017,485,56,105,354,0,0,0,505,infection,589
35.40099474418665,485,56,104,355,0,0,0,505,recovery,515
35.40683970481849,484,57,104,355,0,0,0,506,infection,512
35.41503981982979,484,56,105,355,0,0,0,506,infectious,448
35.41590371231466,484,55,106,355,0,0,0,506,infectious,301
35.41657626025261,484,54,107,355,0,0,0,506,infectious,354
35.42872585648565,483,55,107,355,0,0,0,507,infection,741
35.43568233181454,483,54,108,355,0,0,0,507,infectious,589
35.4377762753251,482,55,108,355,0,0,0,508,infection,802
35.44802780103649,482,55,107,356,0,0,0,508,recovery,444
35.45273091453211,482,54,108,356,0,0,0,508,infectious,604
35.45899688990543,482,53,109,356,0,0,0,508,infectious,484
35.47518374963878,482,53,108,357,0,0,0,508,recovery,928
35.48435276452076,482,52,109,357,0,0,0,508,infectious,268
35.49109619830198,481,53,109,357,0,0,0,509,infection,671
35.506187790552936,481,53,108,358,0,0,0,509,recovery,237
35.51783198967481,480,54,108,358,0,0,0,510,infection,253
35.52968407133516,479,55,108,358,0,0,0,511,infection,245
35.53085104533195,478,56,108,358,0,0,0,512,infection,292
35.541110458045075,478,55,109,358,0,0,0,512,infectious,678
35.54438657788345,477,56,109,358,0,0,0,513,infection,333
35.547633450662325,477,56,108,359,0,0,0,513,recovery,463
35.55714552610637,476,57,108,359,0,0,0,514,infection,499
35.592704519866636,476,56,109,359,0,0,0,514,infectious,325
35.60351494166225,476,55,110,359,0,0,0,514,infectious,698
35.6224989137894,475,56,110,359,0,0,0,515,infection,952
35.662473986398055,475,56,109,360,0,0,0,515,recovery,325
35.6728793278631,474,57,109,360,0,0,0,516,infection,236
35.698344066700024,473,58,109,360,0,0,0,517,infection,288
35.7565153384471,473,58,108,361,0,0,0,517,recovery,685
35.756840942603546,472,59,108,361,0,0,0,518,infection,455
35.7811306685625,471,60,108,361,0,0,0,519,infection,46
35.78464226405027,470,61,108,361,0,0,0,520,infection,837
35.792286454473484,470,60,109,361,0,0,0,520,infectious,62
35.79471589556257,469,61,109,361,0,0,0,521,infection,27
35.8048208173401,469,60,110,361,0,0,0,521,infectious,871
35.81916796951557,468,61,110,361,0,0,0,522,infection,419
35.84673453669771,467,62,110,361,0,0,0,523,infection,543
35.84789605613267,466,63,110,361,0,0,0,524,infection,206
35.8487376186559,466,62,111,361,0,0,0,524,infectious,43
35.86408936787795,466,61,112,361,0,0,0,524,infectious,333
35.87654699656326,465,62,112,361,0,0,0,525,infection,625
35.88456464797498,464,63,112,361,0,0,0,526,infection,28
35.89712179132978,463,64,112,361,0,0,0,527,infection,377
35.92045943607969,463,63,113,361,0,0,0,527,infectious,236
35.93255342883265,463,62,114,361,0,0,0,527,infectious,815
35.95178961239708,463,61,115,361,0,0,0,527,infectious,512
35.960563943405674,463,60,116,361,0,0,0,527,infectious,706
35.96364607979853,463,60,115,362,0,0,0,527,recovery,589
35.9890170697363,463,60,114,363,0,0,0,527,recovery,95
35.99905253511114,463,59,115,363,0,0,0,527,infectious,519
36.0006308320163,462,60,115,363,0,0,0,528,infection,514
36.00584208382364,461,61,115,363,0,0,0,529,infection,900
36.019050370953586,461,61,114,364,0,0,0,529,recovery,963
36.02465475477767,461,61,113,365,0,0,0,529,recovery,301
36.050930799804604,460,62,113,365,0,0,0,530,infection,184
36.061572056202884,459,63,113,365,0,0,0,531,infection,834
36.066215699964296,459,63,112,366,0,0,0,531,recovery,43
36.06757617514165,459,63,111,367,0,0,0,531,recovery,835
36.104125283470076,458,64,111,367,0,0,0,532,infection,461
36.10651090681987,457,65,111,367,0,0,0,533,infection,641
36.11303910363599,456,66,111,367,0,0,0,534,infection,648
36.13915172427309,456,66,110,368,0,0,0,534,recovery,809
36.1476641918064,456,65,111,368,0,0,0,534,infectious,327
36.169564995044176,456,65,110,369,0,0,0,534,recovery,485
36.18967418142943,455,66,110,369,0,0,0,535,infection,768
36.1960736469852,455,65,111,369,0,0,0,535,infectious,221
36.21619934649172,455,65,110,370,0,0,0,535,recovery,327
36.22025358139251,455,64,111,370,0,0,0,535,infectious,383
36.223293609812615,455,64,110,371,0,0,0,535,recovery,728
36.23043363454816,454,65,110,371,0,0,0,536,infection,734
36.233920940976084,453,66,110,371,0,0,0,537,infection,254
36.24650398751329,452,67,110,371,0,0,0,538,infection,434
36.25091459522165,451,68,110,371,0,0,0,539,infection,738
36.251415615755796,450,69,110,371,0,0,0,540,infection,140
36.255553610149434,450,69,109,372,0,0,0,540,recovery,50
36.26509761335386,450,68,110,372,0,0,0,540,infectious,686
36.28582365252365,450,68,109,373,0,0,0,540,recovery,512
36.28806732888231,449,69,109,373,0,0,0,541,infection,273
36.3182416262799,449,68,110,373,0,0,0,541,infectious,79
36.32129878785427,449,68,109,374,0,0,0,541,recovery,920
36.32638165352899,448,69,109,374,0,0,0,542,infection,66
36.3558737138326,447,70,109,374,0,0,0,543,infection,230
36.37366675020991,447,69,110,374,0,0,0,543,infectious,472
36.38677143710471,447,69,109,375,0,0,0,543,recovery,689
36.427236470819906,447,68,110,375,0,0,0,543,infectious,250
36.432963004384504,447,67,111,375,0,0,0,543,infectious,625
36.43714802204083,446,68,111,375,0,0,0,544,infection,348
36.46414037176015,446,68,110,376,0,0,0,544,recovery,38
36.48991203481922,446,67,111,376,0,0,0,544,infectious,741
36.51398756005504,445,68,111,376,0,0,0,545,infection,985
36.52178652000021,444,69,111,376,0,0,0,546,infection,262
36.60133986000037,444,69,110,377,0,0,0,546,recovery,289
36.60193991077644,443,70,110,377,0,0,0,547,infection,583
36.61802488495633,443,70,109,378,0,0,0,547,recovery,976
36.625045344715744,443,69,110,378,0,0,0,547,infectious,671
36.6280718494401,442,70,110,378,0,0,0,548,infection,877
36.68917466202001,442,69,111,378,0,0,0,548,infectious,193
36.701101121504564,442,68,112,378,0,0,0,548,infectious,179
36.702378925887594,442,67,113,378,0,0,0,548,infectious,206
36.71494035221546,442,66,114,378,0,0,0,548,infectious,985
36.739137778819284,442,65,115,378,0,0,0,548,infectious,66
36.7563666054923,442,64,116,378,0,0,0,548,infectious,705
36.76198108553798,442,64,115,379,0,0,0,548,recovery,179
36.766777481959785,441,65,115,379,0,0,0,549,infection,172
36.772379022897034,441,64,116,379,0,0,0,549,infectious,514
36.78922011470318,441,64,115,380,0,0,0,549,recovery,44
36.789846545333326,440,65,115,380,0,0,0,550,infection,797
36.80377198526239,440,65,114,381,0,0,0,550,recovery,250
36.81397013396573,439,66,114,381,0,0,0,551,infection,503
36.81630268964337,438,67,114,381,0,0,0,552,infection,332
36.81861072667115,438,66,115,381,0,0,0,552,infectious,641
36.82278312989795,438,65,116,381,0,0,0,552,infectious,737
36.8227951344344,437,66,116,381,0,0,0,553,infection,769
36.8768704508942,437,66,115,382,0,0,0,553,recovery,815
36.89746273669897,437,66,114,383,0,0,0,553,recovery,440
36.90197537395326,436,67,114,383,0,0,0,554,infection,469
36.915899225117215,436,66,115,383,0,0,0,554,infectious,917
36.91929615139278,435,67,115,383,0,0,0,555,infection,863
36.92681238258268,435,67,114,384,0,0,0,555,recovery,737
36.934910601388545,435,67,113,385,0,0,0,555,recovery,171
36.93663132856485,434,68,113,385,0,0,0,556,infection,160
36.956055591187,433,69,113,385,0,0,0,557,infection,215
36.96201006808643,433,68,114,385,0,0,0,557,infectious,387
36.96492021873375,433,67,115,385,0,0,0,557,infectious,90
36.967653422805476,432,68,115,385,0,0,0,558,infection,359
36.96952153460168,431,69,115,385,0,0,0,559,infection,34
36.97202902719152,430,70,115,385,0,0,0,560,infection,817
36.977098375914785,430,70,114,386,0,0,0,560,recovery,927
36.99094410374814,429,71,114,386,0,0,0,561,infection,819
37.00356962103221,428,72,114,386,0,0,0,562,infection,320
37.027470645308185,428,72,113,387,0,0,0,562,recovery,181
37.03229882476907,427,73,113,387,0,0,0,563,infection,951
37.03525759716894,426,74,113,387,0,0,0,564,infection,207
37.0358738449125,426,73,114,387,0,0,0,564,infectious,315
37.03847675215853,425,74,114,387,0,0,0,565,infection,966
37.055337005678076,425,73,115,387,0,0,0,565,infectious,292
37.06061462265507,424,74,115,387,0,0,0,566,infection,219
37.06124171710544,424,73,116,387,0,0,0,566,infectious,53
37.07275026181795,424,72,117,387,0,0,0,566,infectious,503
37.08442941779564,424,72,116,388,0,0,0,566,recovery,514
37.09655319466155,424,72,115,389,0,0,0,566,recovery,720
37.10523762032384,424,71,116,389,0,0,0,566,infectious,273
37.10862726803377,424,71,115,390,0,0,0,566,recovery,410
37.11601742744662,423,72,115,390,0,0,0,567,infection,577
37.14960438771965,423,72,114,391,0,0,0,567,recovery,884
37.181291144466655,423,72,113,392,0,0,0,567,recovery,575
37.18503162623417,423,72,112,393,0,0,0,567,recovery,698
37.21091770068719,423,71,113,393,0,0,0,567,infectious,377
37.2110584201239,423,70,114,393,0,0,0,567,infectious,453
37.21651064696136,423,69,115,393,0,0,0,567,infectious,140
37.25356961288118,423,68,116,393,0,0,0,567,infectious,738
37.26285290241059,423,67,117,393,0,0,0,567,infectious,27
37.284821713479985,423,67,116,394,0,0,0,567,recovery,632
37.28786268702604,423,66,117,394,0,0,0,567,infectious,46
37.29927588807751,423,65,118,394,0,0,0,567,infectious,207
37.312874368499784,422,66,118,394,0,0,0,568,infection,360
37.31529676260806,421,67,118,394,0,0,0,569,infection,491
37.317218095904884,421,66,119,394,0,0,0,569,infectious,266
37.325885832979736,420,67,119,394,0,0,0,570,infection,894
37.353248878354925,420,66,120,394,0,0,0,570,infectious,490
37.37416356755192,419,67,120,394,0,0,0,571,infection,293
37.374919690913224,418,68,120,394,0,0,0,572,infection,23
37.379649430581026,417,69,120,394,0,0,0,573,infection,822
37.393526458567926,416,70,120,394,0,0,0,574,infection,557
37.394261102045704,416,70,119,395,0,0,0,574,recovery,221
37.40446493817188,415,71,119,395,0,0,0,575,infection,972
37.42176970129646,415,71,118,396,0,0,0,575,recovery,755
37.45850456416154,415,71,117,397,0,0,0,575,recovery,686
37.46155203040238,415,70,118,397,0,0,0,575,infectious,65
37.488108310429666,415,69,119,397,0,0,0,575,infectious,348
37.49151847274888,414,70,119,397,0,0,0,576,infection,539
37.49610447088241,414,69,120,397,0,0,0,576,infectious,491
37.502234120867165,414,69,119,398,0,0,0,576,recovery,315
37.51585129324846,414,68,120,398,0,0,0,576,infectious,419
37.51617808036113,413,69,120,398,0,0,0,577,infection,94
37.52529997146723,413,68,121,398,0,0,0,577,infectious,859
37.526266796029304,412,69,121,398,0,0,0,578,infection,406
37.52678730183522,411,70,121,398,0,0,0,579,infection,30
37.55464342359972,410,71,121,398,0,0,0,580,infection,399
37.561413333294205,410,70,122,398,0,0,0,580,infectious,577
37.56469492101629,410,70,121,399,0,0,0,580,recovery,695
37.56771013326204,410,69,122,399,0,0,0,580,infectious,359
37.571752291462325,410,68,123,399,0,0,0,580,infectious,30
37.58681795389639,409,69,123,399,0,0,0,581,infection,177
37.60695659770442,408,70,123,399,0,0,0,582,infection,710
37.63643512595773,408,69,124,399,0,0,0,582,infectious,288
37.63754825668979,407,70,124,399,0,0,0,583,infection,605
37.64812675371687,407,70,123,400,0,0,0,583,recovery,206
37.6555344556924,407,70,122,401,0,0,0,583,recovery,903
37.667016200667106,407,70,121,402,0,0,0,583,recovery,101
37.67141521912908,407,70,120,403,0,0,0,583,recovery,453
37.674264310880204,407,69,121,403,0,0,0,583,infectious,894
37.689067021864695,406,70,121,403,0,0,0,584,infection,174
37.723822716655064,406,69,122,403,0,0,0,584,infectious,863
37.73137674179413,405,70,122,403,0,0,0,585,infection,615
37.74393088642403,405,69,123,403,0,0,0,585,infectious,797
37.787724683786365,404,70,123,403,0,0,0,586,infection,979
37.80638730668956,404,69,124,403,0,0,0,586,infectious,714
37.807927098087006,403,70,124,403,0,0,0,587,infection,335
37.820077326726604,403,69,125,403,0,0,0,587,infectious,177
37.830675719545795,402,70,125,403,0,0,0,588,infection,130
37.83460313311967,402,69,126,403,0,0,0,588,infectious,433
37.843183396911066,401,70,126,403,0,0,0,589,infection,48
37.8435991361855,401,69,127,403,0,0,0,589,infectious,966
37.853367280129675,401,68,128,403,0,0,0,589,infectious,543
37.860848411116784,400,69,128,403,0,0,0,590,infection,869
37.861115019092075,400,69,127,404,0,0,0,590,recovery,871
37.86779759017693,400,68,128,404,0,0,0,590,infectious,734
37.875462645039235,400,68,127,405,0,0,0,590,recovery,519
37.88650842397266,399,69,127,405,0,0,0,591,infection,915
37.88831237519393,399,69,126,406,0,0,0,591,recovery,367
37.89500208121504,399,69,125,407,0,0,0,591,recovery,668
37.93625345532254,399,69,124,408,0,0,0,591,recovery,287
37.93925685841151,399,68,125,408,0,0,0,591,infectious,893
37.94368477593119,399,67,126,408,0,0,0,591,infectious,455
37.95548272720919,398,68,126,408,0,0,0,592,infection,977
37.96141785568055,398,68,125,409,0,0,0,592,recovery,140
37.96466525138047,398,67,126,409,0,0,0,592,infectious,557
37.969066702266154,397,68,126,409,0,0,0,593,infection,321
37.97369347612967,396,69,126,409,0,0,0,594,infection,393
37.9755206544,395,70,126,409,0,0,0,595,infection,466
37.994396072950614,394,71,126,409,0,0,0,596,infection,607
38.01812587962715,394,71,125,410,0,0,0,596,recovery,874
38.02349702724457,393,72,125,410,0,0,0,597,infection,721
38.03175396697395,393,72,124,411,0,0,0,597,recovery,380
38.03445507314836,393,72,123,412,0,0,0,597,recovery,376
38.04593027310439,393,71,124,412,0,0,0,597,infectious,245
38.056664110124075,393,71,123,413,0,0,0,597,recovery,557
38.05729969790483,393,71,122,414,0,0,0,597,recovery,433
38.072893841218665,393,70,123,414,0,0,0,597,infectious,293
38.08126075883786,393,70,122,415,0,0,0,597,recovery,732
38.0827229691854,393,70,121,416,0,0,0,597,recovery,734
38.0905052154353,393,69,122,416,0,0,0,597,infectious,262
38.102038323800514,393,68,123,416,0,0,0,597,infectious,817
38.12566452657076,393,68,122,417,0,0,0,597,recovery,785
38.14050808703036,393,68,121,418,0,0,0,597,recovery,293
38.15412173175616,393,68,120,419,0,0,0,597,recovery,520
38.15426157978946,393,67,121,419,0,0,0,597,infectious,174
38.154587302490405,393,67,120,420,0,0,0,597,recovery,738
38.158060277875485,393,66,121,420,0,0,0,597,infectious,854
38.163039516445075,393,65,122,420,0,0,0,597,infectious,360
38.1909217152395,393,65,121,421,0,0,0,597,recovery,103
38.19928267866578,393,64,122,421,0,0,0,597,infectious,518
38.21944582337474,393,63,123,421,0,0,0,597,infectious,130
38.231043308240416,393,63,122,422,0,0,0,597,recovery,31
38.256857106631486,393,63,121,423,0,0,0,597,recovery,714
38.25725450663684,393,63,120,424,0,0,0,597,recovery,797
38.27411085052326,393,63,119,425,0,0,0,597,recovery,228
38.287202240865966,393,62,120,425,0,0,0,597,infectious,615
38.29164319768031,392,63,120,425,0,0,0,598,infection,787
38.295232095569794,392,62,121,425,0,0,0,598,infectious,915
38.299757029026246,392,62,120,426,0,0,0,598,recovery,671
38.30058317929179,391,63,120,426,0,0,0,599,infection,143
38.30520225712474,390,64,120,426,0,0,0,600,infection,779
38.31523167790885,390,64,119,427,0,0,0,600,recovery,9
38.32887529756774,390,64,118,428,0,0,0,600,recovery,46
38.34452950563329,389,65,118,428,0,0,0,601,infection,657
38.36158735445934,389,64,119,428,0,0,0,601,infectious,34
38.36392632216837,389,64,118,429,0,0,0,601,recovery,290
38.364039060004885,389,63,119,429,0,0,0,601,infectious,461
38.37728065898929,389,63,118,430,0,0,0,601,recovery,292
38.38271628045673,389,63,117,431,0,0,0,601,recovery,403
38.38372348769621,389,63,116,432,0,0,0,601,recovery,490
38.3878786251496,389,63,115,433,0,0,0,601,recovery,383
38.38795035210896,389,62,116,433,0,0,0,601,infectious,979
38.40718608766458,389,61,117,433,0,0,0,601,infectious,822
38.40820301552299,389,60,118,433,0,0,0,601,infectious,469
38.43902548161622,389,59,119,433,0,0,0,601,infectious,952
38.46823040903546,389,59,118,434,0,0,0,601,recovery,185
38.483984422157285,388,60,118,434,0,0,0,602,infection,278
38.51564590662031,388,60,117,435,0,0,0,602,recovery,568
38.59206598688985,388,60,116,436,0,0,0,602,recovery,794
38.593181961641825,387,61,116,436,0,0,0,603,infection,347
38.593284104626285,387,61,115,437,0,0,0,603,recovery,495
38.619180064881974,387,60,116,437,0,0,0,603,infectious,430
38.632948074255076,387,59,117,437,0,0,0,603,infectious,184
38.64678013310919,387,58,118,437,0,0,0,603,infectious,877
38.65895474399279,387,58,117,438,0,0,0,603,recovery,726
38.69173409040841,386,59,117,438,0,0,0,604,infection,609
38.69343239737984,386,59,116,439,0,0,0,604,recovery,333
38.70387551063698,386,58,117,439,0,0,0,604,infectious,834
38.70754599183043,385,59,117,439,0,0,0,605,infection,51
38.70852461739621,385,59,116,440,0,0,0,605,recovery,266
38.718829937889915,384,60,116,440,0,0,0,606,infection,595
38.73905995286922,384,60,115,441,0,0,0,606,recovery,577
38.7436979722394,384,59,116,441,0,0,0,606,infectious,143
38.75959795152289,384,59,115,442,0,0,0,606,recovery,455
38.76750953546508,384,58,116,442,0,0,0,606,infectious,60
38.77942882982517,384,57,117,442,0,0,0,606,infectious,787
38.78419817388531,383,58,117,442,0,0,0,607,infection,55
38.80479912473479,383,57,118,442,0,0,0,607,infectious,869
38.811676643519576,382,58,118,442,0,0,0,608,infection,680
38.81673818875,381,59,118,442,0,0,0,609,infection,82
38.819127307041825,381,58,119,442,0,0,0,609,infectious,605
38.81920108129462,381,58,118,443,0,0,0,609,recovery,115
38.8277347869588,381,57,119,443,0,0,0,609,infectious,160
38.83264316073443,380,58,119,443,0,0,0,610,infection,379
38.83372727196132,379,59,119,443,0,0,0,611,infection,581
38.863930475337575,379,58,120,443,0,0,0,611,infectious,28
38.87210082626753,379,58,119,444,0,0,0,611,recovery,232
38.8812741789007,379,57,120,444,0,0,0,611,infectious,215
38.88705436207721,379,56,121,444,0,0,0,611,infectious,769
38.887792514194324,379,55,122,444,0,0,0,611,infectious,347
38.909470538073656,379,54,123,444,0,0,0,611,infectious,900
38.92167479049608,378,55,123,444,0,0,0,612,infection,473
38.92228120964655,377,56,123,444,0,0,0,613,infection,674
38.93368879157738,377,56,122,445,0,0,0,613,recovery,952
38.93589513413494,377,55,123,445,0,0,0,613,infectious,278
38.942947562755755,376,56,123,445,0,0,0,614,infection,958
38.95800388951182,376,56,122,446,0,0,0,614,recovery,262
38.96031816462991,375,57,122,446,0,0,0,615,infection,938
38.97389447907428,374,58,122,446,0,0,0,616,infection,362
38.98051787474643,374,57,123,446,0,0,0,616,infectious,545
38.98533861033661,374,57,122,447,0,0,0,616,recovery,741
38.99051308639204,373,58,122,447,0,0,0,617,infection,161
39.00325870967352,373,58,121,448,0,0,0,617,recovery,449
39.00347373468256,373,58,120,449,0,0,0,617,recovery,288
39.028987404526745,372,59,120,449,0,0,0,618,infection,267
39.07931920206079,372,59,119,450,0,0,0,618,recovery,258
39.088871221921366,372,58,120,450,0,0,0,618,infectious,82
39.11711847105409,372,57,121,450,0,0,0,618,infectious,779
39.129575146819676,372,56,122,450,0,0,0,618,infectious,23
39.16617064698668,371,57,122,450,0,0,0,619,infection,786
39.1820477235374,371,56,123,450,0,0,0,619,infectious,320
39.20401691014626,371,56,122,451,0,0,0,619,recovery,52
39.20651692900719,370,57,122,451,0,0,0,620,infection,297
39.207584297230916,370,57,121,452,0,0,0,620,recovery,174
39.21003287310665,370,56,122,452,0,0,0,620,infectious,332
39.237262887575774,369,57,122,452,0,0,0,621,infection,663
39.239939893547565,369,57,121,453,0,0,0,621,recovery,34
39.24297625592788,369,56,122,453,0,0,0,621,infectious,745
39.272021475098285,369,56,121,454,0,0,0,621,recovery,705
39.272490327244896,369,55,122,454,0,0,0,621,infectious,583
39.27489602311208,368,56,122,454,0,0,0,622,infection,579
39.29407255688861,367,57,122,454,0,0,0,623,infection,896
39.3252110440504,367,57,121,455,0,0,0,623,recovery,384
39.34046802890208,367,57,120,456,0,0,0,623,recovery,933
39.34452308950802,366,58,120,456,0,0,0,624,infection,536
39.34538712880677,366,58,119,457,0,0,0,624,recovery,109
39.36238668069492,366,58,118,458,0,0,0,624,recovery,214
39.36779452107567,365,59,118,458,0,0,0,625,infection,703
39.3680629228407,364,60,118,458,0,0,0,626,infection,586
39.38437709485799,364,60,117,459,0,0,0,626,recovery,894
39.41776874031381,364,59,118,459,0,0,0,626,infectious,172
39.42987590321935,364,58,119,459,0,0,0,626,infectious,434
39.43701850046074,364,57,120,459,0,0,0,626,infectious,581
39.47524188776501,364,57,119,460,0,0,0,626,recovery,273
39.490441536122255,364,56,120,460,0,0,0,626,infectious,896
39.52231151812896,364,55,121,460,0,0,0,626,infectious,938
39.54564104202519,364,55,120,461,0,0,0,626,recovery,60
39.559712591615316,363,56,120,461,0,0,0,627,infection,311
39.573131374517494,363,56,119,462,0,0,0,627,recovery,347
39.58408101459397,363,56,118,463,0,0,0,627,recovery,854
39.58865001950057,363,56,117,464,0,0,0,627,recovery,879
39.596604613128726,363,56,116,465,0,0,0,627,recovery,917
39.62285186839809,362,57,116,465,0,0,0,628,infection,541
39.6256434131237,361,58,116,465,0,0,0,629,infection,198
39.62654267230953,361,57,117,465,0,0,0,629,infectious,466
39.64958593267564,361,56,118,465,0,0,0,629,infectious,498
39.659384828955666,361,55,119,465,0,0,0,629,infectious,609
39.6936652705592,361,55,118,466,0,0,0,629,recovery,830
39.69461859771967,361,54,119,466,0,0,0,629,infectious,607
39.72440474375237,360,55,119,466,0,0,0,630,infection,474
39.82279184184502,360,55,118,467,0,0,0,630,recovery,106
39.826502145791686,360,55,117,468,0,0,0,630,recovery,434
39.83091515928004,360,55,116,469,0,0,0,630,recovery,172
39.83371797793994,359,56,116,469,0,0,0,631,infection,889
39.83583241381105,359,55,117,469,0,0,0,631,infectious,219
39.88026011295166,359,55,116,470,0,0,0,631,recovery,177
39.89338069625772,358,56,116,470,0,0,0,632,infection,411
39.907360804093194,358,56,115,471,0,0,0,632,recovery,915
39.91417635221305,358,55,116,471,0,0,0,632,infectious,595
39.91872812230949,357,56,116,471,0,0,0,633,infection,388
39.95092551436157,357,55,117,471,0,0,0,633,infectious,379
39.95377395870588,357,54,118,471,0,0,0,633,infectious,335
39.96655264439749,357,54,117,472,0,0,0,633,recovery,320
39.96732676290031,356,55,117,472,0,0,0,634,infection,438
39.97207952777893,355,56,117,472,0,0,0,635,infection,527
39.980479173016306,355,56,116,473,0,0,0,635,recovery,784
39.980854361488,355,55,117,473,0,0,0,635,infectious,951
40.0,355,55,117,473,0,0,0,635,horizon,0
